#! FIELDS phi psi file.free der_phi der_psi
#! SET min_phi -pi
#! SET max_phi pi
#! SET nbins_phi  32
#! SET periodic_phi true
#! SET min_psi -pi
#! SET max_psi pi
#! SET nbins_psi  17
#! SET periodic_psi true
   -3.141592654   -3.141592654 -113.152547511  -54.328885088   13.138610680
   -2.945243113   -3.141592654 -121.920458796  -34.324358703   15.932160448
   -2.748893572   -3.141592654 -126.495882380  -12.662397185   18.055198372
   -2.552544031   -3.141592654 -127.154599862    4.765074104   19.609769007
   -2.356194490   -3.141592654 -125.133183975   14.345028329   20.958239035
   -2.159844949   -3.141592654 -122.043834843   15.942298836   22.603751507
   -1.963495408   -3.141592654 -119.188721722   12.691016590   24.944815479
   -1.767145868   -3.141592654 -117.057510202    9.401464358   27.980357293
   -1.570796327   -3.141592654 -115.215751982   10.283361643   31.171377118
   -1.374446786   -3.141592654 -112.621356516   17.054189600   33.593921441
   -1.178097245   -3.141592654 -108.210329085   28.308480726   34.347070967
   -0.981747704   -3.141592654 -101.445826223   40.233816600   32.958786761
   -0.785398163   -3.141592654  -92.641141271   48.327572570   29.561436461
   -0.589048623   -3.141592654  -82.925971922   49.037055959   24.726071138
   -0.392699082   -3.141592654  -73.941681878   40.817391739   19.111974619
   -0.196349541   -3.141592654  -67.407257842   24.438496654   13.164269762
    0.000000000   -3.141592654  -64.670005723    2.813929762    7.038781439
    0.196349541   -3.141592654  -66.316561303  -19.283130254    0.771552964
    0.392699082   -3.141592654  -71.873731428  -36.015508672   -5.468510350
    0.589048623   -3.141592654  -79.732483522  -41.986163145  -11.213831483
    0.785398163   -3.141592654  -87.447051596  -34.416737550  -15.757040603
    0.981747704   -3.141592654  -92.441197618  -14.962154323  -18.431666206
    1.178097245   -3.141592654  -92.925318749   10.182687408  -18.938548044
    1.374446786   -3.141592654  -88.620677215   32.356612615  -17.503337403
    1.570796327   -3.141592654  -80.914511154   43.796685175  -14.756244700
    1.767145868   -3.141592654  -72.386494952   40.507166980  -11.403525405
    1.963495408   -3.141592654  -65.920637441   23.322797295   -7.936910348
    2.159844949   -3.141592654  -63.818493622   -2.885676341   -4.516295437
    2.356194490   -3.141592654  -67.183002492  -31.114457155   -1.075994642
    2.552544031   -3.141592654  -75.700198687  -54.271828330    2.485895043
    2.748893572   -3.141592654  -87.800087202  -66.937593258    6.161986093
    2.945243113   -3.141592654 -101.120964662  -66.608326868    9.797100344

   -3.141592654   -2.771993518 -103.215961595  -48.624972617   23.040214496
   -2.945243113   -2.771993518 -111.139391485  -31.458355944   25.501780097
   -2.748893572   -2.771993518 -115.412434623  -12.338825319   26.731387370
   -2.552544031   -2.771993518 -116.176441704    3.599593468   26.976092470
   -2.356194490   -2.771993518 -114.407212336   13.209670655   26.772509678
   -2.159844949   -2.771993518 -111.413770890   16.307125956   26.768918948
   -1.963495408   -2.771993518 -108.267077899   15.337430120   27.461085107
   -1.767145868   -2.771993518 -105.412534940   13.953622840   28.911836533
   -1.570796327   -2.771993518 -102.608892205   15.197613737   30.638945909
   -1.374446786   -2.771993518  -99.191845839   20.161836608   31.772340246
   -1.178097245   -2.771993518  -94.513593575   27.677807659   31.442090970
   -0.981747704   -2.771993518  -88.329318425   34.915183244   29.157073244
   -0.785398163   -2.771993518  -81.015783765   38.615358403   24.996009848
   -0.589048623   -2.771993518  -73.542314726   36.193395379   19.478440195
   -0.392699082   -2.771993518  -67.252950819   26.508374685   13.271683600
   -0.196349541   -2.771993518  -63.544095019   10.207358493    6.907492303
    0.000000000   -2.771993518  -63.495639830  -10.170735154    0.683923286
    0.196349541   -2.771993518  -67.501812537  -30.217444923   -5.216451346
    0.392699082   -2.771993518  -74.954545182  -44.299457387  -10.544780046
    0.589048623   -2.771993518  -84.140054491  -47.143009260  -14.875735645
    0.785398163   -2.771993518  -92.537351651  -36.188450800  -17.684407522
    0.981747704   -2.771993518  -97.557641015  -13.510719310  -18.584191225
    1.178097245   -2.771993518  -97.494478897   14.178137090  -17.552350737
    1.374446786   -2.771993518  -92.238849369   37.889098211  -14.972946965
    1.570796327   -2.771993518  -83.372987821   49.974245018  -11.457446134
    1.767145868   -2.771993518  -73.606225006   46.936662042   -7.536271938
    1.963495408   -2.771993518  -65.842234506   30.185627021   -3.463660747
    2.159844949   -2.771993518  -62.313964050    4.847515598    0.783062018
    2.356194490   -2.771993518  -64.052305580  -22.293688635    5.314534931
    2.552544031   -2.771993518  -70.752298164  -44.701228313   10.117839959
    2.748893572   -2.771993518  -80.969040503  -57.523302197   14.955779770
    2.945243113   -2.771993518  -92.552327886  -58.534639321   19.414101788

   -3.141592654   -2.402394382  -93.068837906  -43.626961332   22.859329543
   -2.945243113   -2.402394382 -100.264549397  -29.053536300   24.765075739
   -2.748893572   -2.402394382 -104.297488598  -12.193301977   25.593550833
   -2.552544031   -2.402394382 -105.182192070    2.422480482   25.576366879
   -2.356194490   -2.402394382 -103.672087811   11.958847039   25.116040466
   -2.159844949   -2.402394382 -100.837419717   16.081314210   24.642351961
   -1.963495408   -2.402394382  -97.592066673   16.561919792   24.444796740
   -1.767145868   -2.402394382  -94.393139424   16.060324984   24.512230209
   -1.570796327   -2.402394382  -91.202865705   16.742132971   24.493527017
   -1.374446786   -2.402394382  -87.684311328   19.386574117   23.826243185
   -1.178097245   -2.402394382  -83.502244227   23.262377046   22.000047851
   -0.981747704   -2.402394382  -78.578922355   26.545780398   18.781344680
   -0.785398163   -2.402394382  -73.241782135   27.074128613   14.324019552
   -0.589048623   -2.402394382  -68.227241184   22.985175445    9.060960570
   -0.392699082   -2.402394382  -64.561035911   13.270188775    3.511378460
   -0.196349541   -2.402394382  -63.347022931   -1.789061722   -1.906684901
    0.000000000   -2.402394382  -65.469108245  -20.193182111   -6.942936727
    0.196349541   -2.402394382  -71.222671184  -37.957945885  -11.430632239
    0.392699082   -2.402394382  -79.957948553  -49.594468100  -15.176016164
    0.589048623   -2.402394382  -89.928856434  -49.808698468  -17.887013854
    0.785398163   -2.402394382  -98.579148178  -36.076458937  -19.226865652
    0.981747704   -2.402394382 -103.311521763  -10.725400511  -18.977310788
    1.178097245   -2.402394382 -102.477814488   19.146424820  -17.183801009
    1.374446786   -2.402394382  -96.095542149   44.272218133  -14.168930431
    1.570796327   -2.402394382  -85.898469263   57.061952300  -10.404532206
    1.767145868   -2.402394382  -74.703405651   54.373153989   -6.289626368
    1.963495408   -2.402394382  -65.443186170   38.018851777   -2.025421642
    2.159844949   -2.402394382  -60.319542103   13.289966686    2.372451853
    2.356194490   -2.402394382  -60.334168042  -13.212658881    6.926239572
    2.552544031   -2.402394382  -65.215154145  -35.367934236   11.545943771
    2.748893572   -2.402394382  -73.635985900  -48.729488197   15.976634729
    2.945243113   -2.402394382  -83.623456877  -51.243382807   19.861225322

   -3.141592654   -2.032795246  -87.995765966  -40.270866329   15.934149189
   -2.945243113   -2.032795246  -94.623316666  -26.629605861   17.327746999
   -2.748893572   -2.032795246  -98.271163927  -10.691346593   18.025725054
   -2.552544031   -2.032795246  -98.943377029    3.110016715   18.061923699
   -2.356194490   -2.032795246  -97.365642265   11.983853343   17.533177239
   -2.159844949   -2.032795246  -94.582129259   15.536498659   16.564989913
   -1.963495408   -2.032795246  -91.507992621   15.315243533   15.274028242
   -1.767145868   -2.032795246  -88.656711860   13.671137210   13.707285000
   -1.570796327   -2.032795246  -86.098669418   12.591095197   11.816898863
   -1.374446786   -2.032795246  -83.609746079   13.022297207    9.490974687
   -1.178097245   -2.032795246  -80.892891566   14.780230648    6.647206885
   -0.981747704   -2.032795246  -77.782954925   16.757755759    3.301786199
   -0.785398163   -2.032795246  -74.390549532   17.292555465   -0.379121864
   -0.589048623   -2.032795246  -71.185091303   14.537395055   -4.142798099
   -0.392699082   -2.032795246  -68.974596120    6.983151768   -7.724194676
   -0.196349541   -2.032795246  -68.771386225   -5.837768228  -10.945770300
    0.000000000   -2.032795246  -71.506764781  -22.493906484  -13.739868854
    0.196349541   -2.032795246  -77.595940530  -39.170695395  -16.084028321
    0.392699082   -2.032795246  -86.498962611  -50.121518355  -17.918535765
    0.589048623   -2.032795246  -96.507967396  -49.623249385  -19.079167870
    0.785398163   -2.032795246 -105.026770477  -34.852944504  -19.324108970
    0.981747704   -2.032795246 -109.389200359   -8.139579032  -18.456250634
    1.178097245   -2.032795246 -107.907229040   23.148587898  -16.455439111
    1.374446786   -2.032795246 -100.620633658   49.408658262  -13.519625246
    1.570796327   -2.032795246  -89.340482042   62.870942578  -10.003817716
    1.767145868   -2.032795246  -76.972529678   60.439466554   -6.254445317
    1.963495408   -2.032795246  -66.516204590   44.101312119   -2.499748861
    2.159844949   -2.032795246  -60.205551572   19.280661578    1.172193931
    2.356194490   -2.032795246  -59.058785208   -7.399273867    4.732422131
    2.552544031   -2.032795246  -62.826206006  -29.879854167    8.121327134
    2.748893572   -2.032795246  -70.217081736  -43.769042846   11.216849160
    2.945243113   -2.032795246  -79.298504797  -47.012805591   13.867060741

   -3.141592654   -1.663196111  -89.123933784  -38.329196501   11.072028435
   -2.945243113   -1.663196111  -95.327256699  -24.319230210   11.421649051
   -2.748893572   -1.663196111  -98.528651165   -8.580240863   11.416341055
   -2.552544031   -1.663196111  -98.867746286    4.257239099   11.053587215
   -2.356194490   -1.663196111  -97.220486133   11.435492905   10.241453248
   -2.159844949   -1.663196111  -94.752980332   12.817114706    8.846689693
   -1.963495408   -1.663196111  -92.435705466   10.350150427    6.790090378
   -1.767145868   -1.663196111  -90.751420276    6.852926002    4.104447245
   -1.570796327   -1.663196111  -89.649529352    4.744243041    0.941061907
   -1.374446786   -1.663196111  -88.713636590    5.248328636   -2.478368414
   -1.178097245   -1.663196111  -87.422130147    8.205140709   -5.907210157
   -0.981747704   -1.663196111  -85.411192416   12.251379398   -9.127448991
   -0.785398163   -1.663196111  -82.662476793   15.255479686  -11.939461934
   -0.589048623   -1.663196111  -79.620173977   14.857503891  -14.191539886
   -0.392699082   -1.663196111  -77.159475674    9.093129732  -15.785195744
   -0.196349541   -1.663196111  -76.433088494   -2.765933278  -16.727575766
    0.000000000   -1.663196111  -78.542994251  -19.326773115  -17.137532269
    0.196349541   -1.663196111  -84.061095898  -36.613945564  -17.183227568
    0.392699082   -1.663196111  -92.554743674  -48.532130922  -16.995329454
    0.589048623   -1.663196111 -102.344104283  -48.919009617  -16.579591206
    0.785398163   -1.663196111 -110.774566379  -34.555821066  -15.807147006
    0.981747704   -1.663196111 -115.061979433   -7.571102496  -14.506510651
    1.178097245   -1.663196111 -113.390773249   24.571358731  -12.582025746
    1.374446786   -1.663196111 -105.719475964   51.887621255  -10.082417237
    1.570796327   -1.663196111  -93.863778161   66.169454508   -7.190413657
    1.767145868   -1.663196111  -80.809443184   64.014605594   -4.117856138
    1.963495408   -1.663196111  -69.672914083   47.355978155   -1.037783443
    2.159844949   -1.663196111  -62.790167364   21.805537809    1.931344216
    2.356194490   -1.663196111  -61.228433589   -5.688566370    4.678029871
    2.552544031   -1.663196111  -64.721154042  -28.733943008    7.064516418
    2.748893572   -1.663196111  -71.905525393  -42.726859472    8.955462857
    2.945243113   -1.663196111  -80.754036882  -45.623175108   10.281769505

   -3.141592654   -1.293596975  -91.402584967  -39.862325048   10.229125014
   -2.945243113   -1.293596975  -97.840952253  -25.125275012   10.055102421
   -2.748893572   -1.293596975 -101.113637249   -8.535531343    9.342556685
   -2.552544031   -1.293596975 -101.390801335    4.731839018    8.061664022
   -2.356194490   -1.293596975  -99.672709099   11.530544809    6.122828884
   -2.159844949   -1.293596975  -97.293996173   11.693898376    3.408115307
   -1.963495408   -1.293596975  -95.362001773    7.506170335   -0.133414509
   -1.767145868   -1.293596975  -94.405091076    2.346524239   -4.382420928
   -1.570796327   -1.293596975  -94.304288400   -0.807023869   -8.990559412
   -1.374446786   -1.293596975  -94.483390779   -0.373406300  -13.435344314
   -1.178097245   -1.293596975  -94.217615108    3.537530226  -17.157636722
   -0.981747704   -1.293596975  -92.960728526    9.344261269  -19.740221562
   -0.785398163   -1.293596975  -90.571967167   14.517253936  -20.994086496
   -0.589048623   -1.293596975  -87.460698468   16.255923121  -20.980033607
   -0.392699082   -1.293596975  -84.549986759   12.170560458  -19.930863992
   -0.196349541   -1.293596975  -83.116652122    1.200905090  -18.182573060
    0.000000000   -1.293596975  -84.439609624  -15.443437737  -16.094286596
    0.196349541   -1.293596975  -89.281700966  -33.747741155  -13.960333971
    0.392699082   -1.293596975  -97.363639089  -47.255883360  -11.952998638
    0.589048623   -1.293596975 -107.060897051  -49.193648097  -10.100758984
    0.785398163   -1.293596975 -115.644758458  -35.690971923   -8.329536411
    0.981747704   -1.293596975 -120.152334548   -8.506136202   -6.551955340
    1.178097245   -1.293596975 -118.562034915   24.798978375   -4.736642938
    1.374446786   -1.293596975 -110.689106392   53.720849656   -2.907528787
    1.570796327   -1.293596975  -98.325863376   69.419968226   -1.113729821
    1.767145868   -1.293596975  -84.544811094   68.019112886    0.639439224
    1.963495408   -1.293596975  -72.615562669   51.277010462    2.389352411
    2.159844949   -1.293596975  -65.034674514   24.880317095    4.170377036
    2.356194490   -1.293596975  -62.996731429   -3.976144438    5.949633174
    2.552544031   -1.293596975  -66.302526276  -28.536203053    7.602286826
    2.748893572   -1.293596975  -73.578347687  -43.776124251    8.955126409
    2.945243113   -1.293596975  -82.706544455  -47.295199002    9.857625938

   -3.141592654   -0.923997839  -90.740037607  -41.335994924    6.037794466
   -2.945243113   -0.923997839  -97.515905668  -27.057795031    4.498521698
   -2.748893572   -0.923997839 -101.197089083  -10.755779549    2.599996448
   -2.552544031   -0.923997839 -101.942642396    2.148100114    0.423689764
   -2.356194490   -0.923997839 -100.791302399    8.277646052   -2.081514001
   -2.159844949   -0.923997839  -99.147422343    7.410155133   -5.080540355
   -1.963495408   -0.923997839  -98.172924981    2.042215731   -8.714963763
   -1.767145868   -0.923997839  -98.384347245   -3.995381746  -12.904999144
   -1.570796327   -0.923997839  -99.553788555   -7.237951471  -17.223924350
   -1.374446786   -0.923997839 -100.918328934   -5.828976652  -20.971119336
   -1.178097245   -0.923997839 -101.546145326    0.029232065  -23.422277493
   -0.981747704   -0.923997839 -100.736669133    8.347311196  -24.135412385
   -0.785398163   -0.923997839  -98.292482060   16.026820098  -23.103348950
   -0.589048623   -0.923997839  -94.678714122   19.741783484  -20.711703903
   -0.392699082   -0.923997839  -90.963399844   16.707095746  -17.522660609
   -0.196349541   -0.923997839  -88.626409748    5.680611957  -14.059112893
    0.000000000   -0.923997839  -89.159745252  -12.025065979  -10.652706261
    0.196349541   -0.923997839  -93.488449290  -31.988105108   -7.411158334
    0.392699082   -0.923997839 -101.389197825  -47.102688567   -4.300116368
    0.589048623   -0.923997839 -111.160717584  -49.944218873   -1.276593265
    0.785398163   -0.923997839 -119.893716815  -36.286197649    1.589302788
    0.981747704   -0.923997839 -124.420642309   -8.003530910    4.085749057
    1.178097245   -0.923997839 -122.581274368   26.847410090    5.952896244
    1.374446786   -0.923997839 -114.162430631   57.151282639    7.050530433
    1.570796327   -0.923997839 -101.032415372   73.683052914    7.449077163
    1.767145868   -0.923997839  -86.384244234   72.479431110    7.421091105
    1.963495408   -0.923997839  -73.602302858   55.423069767    7.298786246
    2.159844949   -0.923997839  -65.268212041   28.353638836    7.311732651
    2.356194490   -0.923997839  -62.635620804   -1.429968548    7.489862164
    2.552544031   -0.923997839  -65.547527582  -27.088083627    7.672539632
    2.748893572   -0.923997839  -72.652260218  -43.473444274    7.610880609
    2.945243113   -0.923997839  -81.824437789  -48.013770288    7.094043994

   -3.141592654   -0.554398704  -90.309723136  -45.687901242    2.757466680
   -2.945243113   -0.554398704  -98.020688976  -32.146848236   -0.006123206
   -2.748893572   -0.554398704 -102.736056561  -16.124220628   -2.933003839
   -2.552544031   -0.554398704 -104.540112795   -3.245996030   -5.832684132
   -2.356194490   -0.554398704 -104.452864701    2.802715761   -8.708587243
   -2.159844949   -0.554398704 -103.910921623    1.627494765  -11.743062698
   -1.963495408   -0.554398704 -104.109019546   -4.088513861  -15.120233551
   -1.767145868   -0.554398704 -105.523777857   -9.985414589  -18.756809138
   -1.570796327   -0.554398704 -107.772888573  -12.033477990  -22.147989130
   -1.374446786   -0.554398704 -109.858321552   -8.175326187  -24.487569142
   -1.178097245   -0.554398704 -110.629784877    0.995881028  -25.031458397
   -0.981747704   -0.554398704 -109.295753116   12.646783396  -23.482542622
   -0.785398163   -0.554398704 -105.747218055   22.760487620  -20.145599006
   -0.589048623   -0.554398704 -100.690953550   27.435674999  -15.766909213
   -0.392699082   -0.554398704  -95.498217087   23.829361056  -11.166797372
   -0.196349541   -0.554398704  -91.912041510   11.155568895   -6.903025043
    0.000000000   -0.554398704  -91.562617426   -8.491513061   -3.111977615
    0.196349541   -0.554398704  -95.351472050  -29.885984702    0.413249435
    0.392699082   -0.554398704 -102.898355221  -45.420599250    3.969605937
    0.589048623   -0.554398704 -112.298138895  -47.719665650    7.662137885
    0.785398163   -0.554398704 -120.501005267  -33.121885280   11.240002536
    0.981747704   -0.554398704 -124.334516242   -4.237109995   14.172091847
    1.178097245   -0.554398704 -121.758222335   30.431572380   15.919659070
    1.374446786   -0.554398704 -112.714966614   59.827636688   16.250653585
    1.570796327   -0.554398704  -99.173761556   75.193734810   15.363107036
    1.767145868   -0.554398704  -84.326612282   73.061850794   13.777011995
    1.963495408   -0.554398704  -71.484363882   55.523280886   12.062595477
    2.159844949   -0.554398704  -63.151231144   28.267230415   10.583626349
    2.356194490   -0.554398704  -60.556093557   -1.760381456    9.391988804
    2.552544031   -0.554398704  -63.585294985  -28.020883670    8.280274381
    2.748893572   -0.554398704  -70.968125082  -45.435457350    6.937536407
    2.945243113   -0.554398704  -80.646803584  -51.229425506    5.118286644

   -3.141592654   -0.184799568  -90.469996193  -51.615233283    0.876170846
   -2.945243113   -0.184799568  -99.406965651  -38.593395709   -2.240669145
   -2.748893572   -0.184799568 -105.389423737  -22.473394108   -5.374977129
   -2.552544031   -0.184799568 -108.395973891   -9.110452950   -8.339173888
   -2.356194490   -0.184799568 -109.411773264   -2.602337987  -11.123761983
   -2.159844949   -0.184799568 -109.910348476   -3.611204281  -13.879352185
   -1.963495408   -0.184799568 -111.132396936   -9.243266291  -16.739804964
   -1.767145868   -0.184799568 -113.510009465  -14.471642976  -19.557834674
   -1.570796327   -0.184799568 -116.474375395  -14.583341684  -21.781998186
   -1.374446786   -0.184799568 -118.753868170   -7.407520086  -22.626436036
   -1.178097245   -0.184799568 -118.984898528    5.745206444  -21.484169333
   -0.981747704   -0.184799568 -116.365327057   20.781673551  -18.306125804
   -0.785398163   -0.184799568 -111.022746194   32.550389846  -13.697676567
   -0.589048623   -0.184799568 -104.056627017   36.760636868   -8.634074663
   -0.392699082   -0.184799568  -97.216572816   31.096926481   -3.991730739
   -0.196349541   -0.184799568  -92.450725491   15.931669768   -0.161880957
    0.000000000   -0.184799568  -91.350784889   -5.418340988    3.052060222
    0.196349541   -0.184799568  -94.582540172  -27.027335536    6.209407596
    0.392699082   -0.184799568 -101.474683305  -41.448034062    9.823903465
    0.589048623   -0.184799568 -109.942579229  -42.241602838   13.981166630
    0.785398163   -0.184799568 -116.976898448  -26.933963064   18.191776019
    0.981747704   -0.184799568 -119.647375917    1.119031392   21.593801320
    1.178097245   -0.184799568 -116.221968437   33.526550647   23.387072722
    1.374446786   -0.184799568 -106.849603597   60.072701535   23.248942192
    1.570796327   -0.184799568  -93.511012680   73.032440770   21.462095784
    1.767145868   -0.184799568  -79.238209822   69.578547776   18.714447978
    1.963495408   -0.184799568  -67.118184342   51.804306066   15.739070320
    2.159844949   -0.184799568  -59.484287786   24.915068491   13.009936201
    2.356194490   -0.184799568  -57.509177718   -4.769810290   10.645966727
    2.552544031   -0.184799568  -61.132833964  -31.163213340    8.488737039
    2.748893572   -0.184799568  -69.194575773  -49.299008639    6.266207627
    2.945243113   -0.184799568  -79.734250167  -56.166169523    3.752021453

   -3.141592654    0.184799568  -89.678946554  -56.696254600   -0.972012916
   -2.945243113    0.184799568  -99.662872973  -44.099990375   -3.594144949
   -2.748893572    0.184799568 -106.737674857  -28.007387579   -6.066281184
   -2.552544031    0.184799568 -110.805834441  -14.348911506   -8.297303534
   -2.356194490    0.184799568 -112.811167269   -7.437399845  -10.321794985
   -2.159844949    0.184799568 -114.221250563   -8.048931575  -12.265936335
   -1.963495408    0.184799568 -116.261374011  -13.055183907  -14.199730873
   -1.767145868    0.184799568 -119.270115050  -16.915363471  -15.932946549
   -1.570796327    0.184799568 -122.488733249  -14.532319871  -16.955139747
   -1.374446786    0.184799568 -124.432851270   -3.953942736  -16.626661044
   -1.178097245    0.184799568 -123.643601577   12.574394251  -14.560141604
   -0.981747704    0.184799568 -119.446306849   29.716324206  -10.911319870
   -0.785398163    0.184799568 -112.311969925   41.498286569   -6.389915466
   -0.589048623    0.184799568 -103.754491817   43.762647522   -1.914131909
   -0.392699082    0.184799568  -95.814062405   35.271034215    1.851669751
   -0.196349541    0.184799568  -90.467001044   17.888214865    4.819659678
    0.000000000    0.184799568  -89.062879822   -3.943983864    7.470471683
    0.196349541    0.184799568  -91.890143085  -24.106658246   10.511856807
    0.392699082    0.184799568  -97.968115600  -36.010325809   14.411755866
    0.589048623    0.184799568 -105.141880203  -34.702142557   19.036939903
    0.785398163    0.184799568 -110.623972240  -19.041443798   23.609434543
    0.981747704    0.184799568 -111.892204683    7.137919587   27.039633657
    1.178097245    0.184799568 -107.609865144   36.053282831   28.444607454
    1.374446786    0.184799568  -98.123248322   58.774387154   27.557586843
    1.570796327    0.184799568  -85.349438605   68.811110084   24.796192938
    1.767145868    0.184799568  -72.071134183   63.941356639   20.976374771
    1.963495408    0.184799568  -61.082541863   46.107092479   16.919777803
    2.159844949    0.184799568  -54.505949129   19.911309502   13.158291321
    2.356194490    0.184799568  -53.433422471   -8.991243772    9.871523318
    2.552544031    0.184799568  -57.837047680  -34.968757595    6.983300520
    2.748893572    0.184799568  -66.648774458  -53.219349480    4.309303996
    2.945243113    0.184799568  -78.005121350  -60.612370161    1.681196945

   -3.141592654    0.554398704  -87.086381286  -60.282057798   -2.043864600
   -2.945243113    0.554398704  -97.824181246  -48.120019771   -3.534896002
   -2.748893572    0.554398704 -105.700825724  -32.068148323   -4.675377932
   -2.552544031    0.554398704 -110.538070946  -18.062493550   -5.520673795
   -2.356194490    0.554398704 -113.217657879  -10.556861907   -6.191417761
   -2.159844949    0.554398704 -115.170605690  -10.427619395   -6.822758159
   -1.963495408    0.554398704 -117.588045136  -14.457077413   -7.468290711
   -1.767145868    0.554398704 -120.742904906  -16.914140054   -7.990762613
   -1.570796327    0.554398704 -123.785530119  -12.682060044   -8.064642699
   -1.374446786    0.554398704 -125.174090018   -0.194333661   -7.325531612
   -1.178097245    0.554398704 -123.507338443   17.578774722   -5.610239629
   -0.981747704    0.554398704 -118.310502830   34.641718246   -3.089513472
   -0.785398163    0.554398704 -110.336722280   44.927879975   -0.216747145
   -0.589048623    0.554398704 -101.322497952   44.950036824    2.542768044
   -0.392699082    0.554398704  -93.342274818   34.663356836    4.987975106
   -0.196349541    0.554398704  -88.169899639   17.035698282    7.322007768
    0.000000000    0.554398704  -86.795284239   -3.087739068   10.036922824
    0.196349541    0.554398704  -89.162721379  -20.139847145   13.587997413
    0.392699082    0.554398704  -94.137728346  -28.856353297   18.055487432
    0.589048623    0.554398704  -99.698116777  -25.766010290   22.952170019
    0.785398163    0.554398704 -103.437124412  -10.645980841   27.319466756
    0.981747704    0.554398704 -103.298157137   12.760979610   30.103725086
    1.178097245    0.554398704  -98.294469628   37.689180007   30.611721317
    1.374446786    0.554398704  -88.874038048   56.614203157   28.788960146
    1.570796327    0.554398704  -76.799669124   64.122443446   25.193306203
    1.767145868    0.554398704  -64.557135244   58.352538658   20.670407383
    1.963495408    0.554398704  -54.643190405   40.919068375   16.004059323
    2.159844949    0.554398704  -48.987764088   15.760608914   11.691952137
    2.356194490    0.554398704  -48.624669117  -12.116036169    7.935608610
    2.552544031    0.554398704  -53.574712041  -37.503738486    4.748229845
    2.748893572    0.554398704  -62.874024106  -55.745682293    2.066593301
    2.945243113    0.554398704  -74.765715295  -63.591169932   -0.181771999

   -3.141592654    0.923997839  -85.720131084  -60.824346718   -2.947133358
   -2.945243113    0.923997839  -96.544637471  -48.486333121   -2.812393882
   -2.748893572    0.923997839 -104.496246777  -32.485846749   -2.406623144
   -2.552544031    0.923997839 -109.433682593  -18.678147545   -1.961742876
   -2.356194490    0.923997839 -112.259901238  -11.430682529   -1.618865079
   -2.159844949    0.923997839 -114.409381580  -11.539226359   -1.411888084
   -1.963495408    0.923997839 -117.060823949  -15.699566705   -1.299352130
   -1.767145868    0.923997839 -120.459105747  -18.118749168   -1.183325682
   -1.570796327    0.923997839 -123.721878589  -13.702205047   -0.932452317
   -1.374446786    0.923997839 -125.289359142   -1.019140092   -0.412477734
   -1.178097245    0.923997839 -123.777140227   16.792079147    0.457260815
   -0.981747704    0.923997839 -118.748290279   33.693933581    1.685924019
   -0.785398163    0.923997839 -110.977476578   43.852606912    3.218582773
   -0.589048623    0.923997839 -102.151006058   44.230172217    5.030245002
   -0.392699082    0.923997839  -94.204503240   35.212245649    7.198090463
   -0.196349541    0.923997839  -88.717110312   19.843801858    9.932839822
    0.000000000    0.923997839  -86.517316353    2.538033754   13.476381419
    0.196349541    0.923997839  -87.517694467  -11.963951287   17.892149995
    0.392699082    0.923997839  -90.729153759  -19.332359328   22.877210013
    0.589048623    0.923997839  -94.433539519  -16.712178649   27.694160899
    0.785398163    0.923997839  -96.594285919   -3.897028246   31.338683187
    0.981747704    0.923997839  -95.463185141   15.996494909   32.903696170
    1.178097245    0.923997839  -90.194585150   37.203374281   31.952603558
    1.374446786    0.923997839  -81.180228551   53.150687101   28.682778357
    1.570796327    0.923997839  -69.978189722   58.917425980   23.819845152
    1.767145868    0.923997839  -58.827101592   52.620763208   18.270946395
    1.963495408    0.923997839  -50.016540930   35.514310751   12.815949309
    2.159844949    0.923997839  -45.349226457   11.140529908    7.946725090
    2.356194490    0.923997839  -45.798984192  -15.763396748    3.906338111
    2.552544031    0.923997839  -51.366590973  -40.148453234    0.801684137
    2.748893572    0.923997839  -61.093304206  -57.474366604   -1.330694027
    2.945243113    0.923997839  -73.250174414  -64.595859407   -2.532480969

   -3.141592654    1.293596975  -91.967706012  -60.102742307   -3.642906931
   -2.945243113    1.293596975 -102.403525033  -45.368843036   -2.825053466
   -2.748893572    1.293596975 -109.590409861  -27.993952672   -1.789973520
   -2.552544031    1.293596975 -113.604553132  -13.945980521   -0.707974329
   -2.356194490    1.293596975 -115.557766985   -7.400517665    0.384131977
   -2.159844949    1.293596975 -117.039630326   -8.847909002    1.541103074
   -1.963495408    1.293596975 -119.323670263  -14.678203804    2.801102551
   -1.767145868    1.293596975 -122.691082638  -18.807724894    4.111415625
   -1.570796327    1.293596975 -126.234861730  -15.798148538    5.327139805
   -1.374446786    1.293596975 -128.296546562   -3.820833377    6.293824536
   -1.178097245    1.293596975 -127.319228597   14.323585555    6.940738492
   -0.981747704    1.293596975 -122.645843847   32.708728455    7.359581732
   -0.785398163    1.293596975 -114.841023222   45.304560739    7.783151885
   -0.589048623    1.293596975 -105.443775848   48.623868009    8.541665274
   -0.392699082    1.293596975  -96.342317685   42.532344067    9.964548241
   -0.196349541    1.293596975  -89.166695399   29.601357205   12.306061911
    0.000000000    1.293596975  -84.882022006   13.831677078   15.640581916
    0.196349541    1.293596975  -83.615209996   -0.402975400   19.742453442
    0.392699082    1.293596975  -84.657830169   -9.078558954   24.041802758
    0.589048623    1.293596975  -86.612271627   -9.398160811   27.689034490
    0.785398163    1.293596975  -87.734995269   -0.786180887   29.785148561
    0.981747704    1.293596975  -86.451701417   14.454389674   29.708196318
    1.178097245    1.293596975  -81.905186211   31.546125071   27.362652273
    1.374446786    1.293596975  -74.302053360   44.673440525   23.198283870
    1.570796327    1.293596975  -64.919634388   49.071698621   18.019205209
    1.767145868    1.293596975  -55.742606144   42.489444764   12.646065933
    1.963495408    1.293596975  -48.902263060   25.625775499    7.687855617
    2.159844949    1.293596975  -46.134315493    1.710980411    3.476689616
    2.356194490    1.293596975  -48.368002641  -24.427886095    0.159938201
    2.552544031    1.293596975  -55.514156795  -47.428356828   -2.190495163
    2.748893572    1.293596975  -66.468112461  -62.551172979   -3.548183147
    2.945243113    1.293596975  -79.351252641  -66.825901816   -3.973139702

   -3.141592654    1.663196111  -97.447792148  -58.982025304  -11.341721169
   -2.945243113    1.663196111 -107.522460905  -42.890464421  -10.117267178
   -2.748893572    1.663196111 -114.137797081  -24.749382740   -8.206351735
   -2.552544031    1.663196111 -117.487178689  -10.507238143   -5.809979735
   -2.356194490    1.663196111 -118.782724938   -4.200269761   -3.050673926
   -2.159844949    1.663196111 -119.685761832   -6.199080618    0.003710020
   -1.963495408    1.663196111 -121.524966920  -12.841520022    3.236042618
   -1.767145868    1.663196111 -124.628860218  -17.992294691    6.400373956
   -1.570796327    1.663196111 -128.117665450  -16.040436294    9.138072574
   -1.374446786    1.663196111 -130.307191190   -4.806357357   11.120090762
   -1.178097245    1.663196111 -129.536716015   13.353073331   12.215197889
   -0.981747704    1.663196111 -124.965806232   32.812451336   12.600172921
   -0.785398163    1.663196111 -116.948086992   47.515943791   12.689208124
   -0.589048623    1.663196111 -106.852045303   53.578826018   12.980795297
   -0.392699082    1.663196111  -96.500590920   50.245819354   13.849441366
   -0.196349541    1.663196111  -87.588309553   39.412991445   15.435479043
    0.000000000    1.663196111  -81.269889737   24.480460492   17.595894297
    0.196349541    1.663196111  -77.964166823    9.416643426   19.909491180
    0.392699082    1.663196111  -77.307392927   -1.871582860   21.770344631
    0.589048623    1.663196111  -78.227375209   -6.256677189   22.539980137
    0.785398163    1.663196111  -79.194471247   -2.359636083   21.761779866
    0.981747704    1.663196111  -78.658731635    8.582042960   19.353349255
    1.178097245    1.663196111  -75.583583745   22.700173271   15.651341009
    1.374446786    1.663196111  -69.867219863   34.575071258   11.259358557
    1.570796327    1.663196111  -62.465328434   39.183650466    6.804975630
    1.767145868    1.663196111  -55.137071866   33.621730807    2.691121005
    1.963495408    1.663196111  -49.918889971   17.964012006   -0.957694636
    2.159844949    1.663196111  -48.544807146   -4.844475836   -4.189171120
    2.356194490    1.663196111  -51.961120077  -29.897958045   -7.031847022
    2.552544031    1.663196111  -60.059973770  -51.600550302   -9.373372609
    2.748893572    1.663196111  -71.678501312  -65.080667453  -10.988195548
    2.945243113    1.663196111  -84.878416902  -67.486351929  -11.667386326

   -3.141592654    2.032795246 -103.493977430  -58.717424701  -14.732298294
   -2.945243113    2.032795246 -113.370486638  -41.156132335  -13.081850487
   -2.748893572    2.032795246 -119.512027840  -21.695557207  -10.580896855
   -2.552544031    2.032795246 -122.146274370   -6.311904513   -7.470321084
   -2.356194490    2.032795246 -122.518950416    0.969257095   -3.929462616
   -2.159844949    2.032795246 -122.330000003   -0.306506571   -0.057431842
   -1.963495408    2.032795246 -122.975753477   -6.675381121    4.038547324
   -1.767145868    2.032795246 -124.893790970  -12.199352443    8.123756780
   -1.570796327    2.032795246 -127.335410820  -11.261908851   11.799786068
   -1.374446786    2.032795246 -128.715946698   -1.371136840   14.626192489
   -1.178097245    2.032795246 -127.391326830   15.632165960   16.331111495
   -0.981747704    2.032795246 -122.437038734   34.554146067   16.983878493
   -0.785398163    2.032795246 -114.068263179   49.462258146   16.960011820
   -0.589048623    2.032795246 -103.526940162   56.201711511   16.752910868
   -0.392699082    2.032795246  -92.589530252   53.534377791   16.706470335
   -0.196349541    2.032795246  -83.004963647   42.845806924   16.865709240
    0.000000000    2.032795246  -76.070639912   27.144905812   16.971540873
    0.196349541    2.032795246  -72.402638956   10.272853397   16.576303068
    0.392699082    2.032795246  -71.827456274   -3.661773197   15.247633194
    0.589048623    2.032795246  -73.386791500  -10.959327491   12.762981732
    0.785398163    2.032795246  -75.528096874   -9.452524479    9.241703869
    0.981747704    2.032795246  -76.525919888    0.308095785    5.143443656
    1.178097245    2.032795246  -75.071249452   14.702035553    1.098895038
    1.374446786    2.032795246  -70.799858314   27.992180763   -2.359891793
    1.570796327    2.032795246  -64.512054429   34.415542812   -5.001184837
    1.767145868    2.032795246  -57.967729835   30.301837566   -6.958173851
    1.963495408    2.032795246  -53.323084767   15.309145690   -8.584708759
    2.159844949    2.032795246  -52.465380109   -7.530528459  -10.217136316
    2.356194490    2.032795246  -56.436903616  -32.855272003  -11.967809468
    2.552544031    2.032795246  -65.124123086  -54.547560277  -13.657305609
    2.748893572    2.032795246  -77.273934859  -67.430282930  -14.911147980
    2.945243113    2.032795246  -90.830372931  -68.679465142  -15.344694219

   -3.141592654    2.402394382 -109.809275186  -58.646216048  -10.652679666
   -2.945243113    2.402394382 -119.511852165  -39.444875300   -8.678959841
   -2.748893572    2.402394382 -125.149167549  -18.289248892   -6.109618601
   -2.552544031    2.402394382 -126.952686980   -1.283572361   -3.129563723
   -2.356194490    2.402394382 -126.189281307    7.476317460    0.163664230
   -2.159844949    2.402394382 -124.596255217    7.425780647    3.787859952
   -1.963495408    2.402394382 -123.640017048    1.801068468    7.783248183
   -1.767145868    2.402394382 -123.881435239   -3.752226013   12.038533098
   -1.570796327    2.402394382 -124.744046885   -3.783624417   16.178484472
   -1.374446786    2.402394382 -124.818034524    4.354253672   19.636249144
   -1.178097245    2.402394382 -122.570227665   19.310460814   21.891508300
   -0.981747704    2.402394382 -117.075568697   36.457944981   22.729416803
   -0.785398163    2.402394382 -108.458906157   50.182290950   22.314681879
   -0.589048623    2.402394382  -97.851727868   56.182444270   21.052100802
   -0.392699082    2.402394382  -86.987598524   52.743129760   19.315659736
   -0.196349541    2.402394382  -77.675830434   40.732389663   17.245156804
    0.000000000    2.402394382  -71.350298215   22.931171605   14.713453259
    0.196349541    2.402394382  -68.761854113    3.452100142   11.459950895
    0.392699082    2.402394382  -69.772734128  -12.891177262    7.327948392
    0.589048623    2.402394382  -73.299175633  -21.520814345    2.464033315
    0.785398163    2.402394382  -77.508397131  -19.630653677   -2.619115492
    0.981747704    2.402394382  -80.321951989   -7.734059563   -7.185278794
    1.178097245    2.402394382  -80.138394284    9.909563048  -10.563912762
    1.374446786    2.402394382  -76.475247456   26.513269778  -12.447260257
    1.570796327    2.402394382  -70.223707911   35.310117987  -12.996062210
    1.767145868    2.402394382  -63.390671970   32.099466984  -12.729710090
    1.963495408    2.402394382  -58.421126671   16.637261580  -12.256149912
    2.159844949    2.402394382  -57.420905123   -7.471801651  -12.005105063
    2.356194490    2.402394382  -61.517477119  -34.132787733  -12.090664382
    2.552544031    2.402394382  -70.547573592  -56.635713341  -12.329629742
    2.748893572    2.402394382  -83.121170979  -69.513566664  -12.374844325
    2.945243113    2.402394382  -97.020143810  -69.966855024  -11.883340321

   -3.141592654    2.771993518 -115.181389470  -58.261809513    1.467912242
   -2.945243113    2.771993518 -124.655025070  -37.508167990    4.089754858
   -2.748893572    2.771993518 -129.765624668  -14.919913940    6.620100006
   -2.552544031    2.771993518 -130.791317811    3.209178748    9.017295537
   -2.356194490    2.771993518 -129.057818703   12.832495952   11.442042876
   -2.159844949    2.771993518 -126.334361214   13.585052278   14.201934787
   -1.963495408    2.771993518 -124.085335961    8.808337017   17.561575922
   -1.767145868    2.771993518 -122.875160222    3.971455810   21.479397220
   -1.570796327    2.771993518 -122.191354495    4.116881189   25.465776601
   -1.374446786    2.771993518 -120.768412977   11.534578172   28.702166084
   -1.178097245    2.771993518 -117.259529443   24.838040691   30.394123222
   -0.981747704    2.771993518 -110.895464480   39.716485772   30.140979411
   -0.785398163    2.771993518 -101.879090547   50.983906457   28.081114183
   -0.589048623    2.771993518  -91.351331556   54.577494362   24.736289699
   -0.392699082    2.771993518  -81.036081409   48.736920749   20.672596779
   -0.196349541    2.771993518  -72.756264912   34.201507632   16.216953151
    0.000000000    2.771993518  -67.968237726   13.821008584   11.384902788
    0.196349541    2.771993518  -67.394499035   -7.835804749    6.042886409
    0.392699082    2.771993518  -70.748978131  -25.229492198    0.188502680
    0.589048623    2.771993518  -76.659725028  -33.143688423   -5.830274567
    0.785398163    2.771993518  -82.923147184  -28.634521854  -11.302532456
    0.981747704    2.771993518  -87.130369407  -12.764736591  -15.397577097
    1.178097245    2.771993518  -87.514034301    9.117223193  -17.534438795
    1.374446786    2.771993518  -83.657016101   29.061258687  -17.658465041
    1.570796327    2.771993518  -76.710309770   39.546459005  -16.238710404
    1.767145868    2.771993518  -69.025400307   36.282419829  -14.006878065
    1.963495408    2.771993518  -63.349210533   19.511033396  -11.619348872
    2.159844949    2.771993518  -61.961801319   -6.413696562   -9.425046002
    2.356194490    2.771993518  -66.018923585  -34.701498394   -7.447799202
    2.552544031    2.771993518  -75.269445089  -58.174877782   -5.515739815
    2.748893572    2.771993518  -88.170137978  -71.161740442   -3.430298057
    2.945243113    2.771993518 -102.333281362  -70.897140402   -1.089464098
