   0.0306367992
   0.0278754652
   0.0202891683
   0.0274811361
   0.0111192162
   0.0079463730
   0.0092230989
   0.0111500844
   0.0284199500
   0.0191772675
   0.0251082480
   0.0154318953
   0.0098116461
  -0.0126401701
  -0.0102004034
  -0.0258559532
  -0.0156839864
  -0.0343599302
  -0.0156280153
  -0.0342827461
  -0.0310996134
   0.0005223111
  -0.0332973258
  -0.0174630838
  -0.0222828045
  -0.0161030645
  -0.0093072125
   0.0020431924
   0.0104059029
  -0.0030015256
   0.0057093792
   0.0185007397
   0.0018861711
   0.0040545268
   0.0014126936
   0.0071489500
   0.0093342454
   0.0154941388
   0.0058573330
   0.0022685640
   0.0074958812
   0.0033016400
  -0.0014552514
  -0.0027879083
  -0.0034387126
   0.0146810901
   0.0053735033
  -0.0206822785
  -0.0245655903
  -0.0379303492
  -0.0316616312
  -0.0415749783
  -0.0457663785
  -0.0386730453
  -0.0250050586
  -0.0424850068
  -0.0475912588
  -0.0454022487
  -0.0260548967
  -0.0430376828
  -0.0464778855
  -0.0370381131
  -0.0297920637
  -0.0402436882
  -0.0331436357
  -0.0250197467
   0.0035552754
   0.0004217978
   0.0034703940
   0.0191085143
  -0.0004576211
   0.0132968607
   0.0012655958
  -0.0015914283
  -0.0024813102
   0.0032697372
   0.0055479308
   0.0029386153
   0.0042608705
  -0.0026678370
  -0.0014902557
   0.0093220522
   0.0194876098
  -0.0024072405
   0.0165418320
  -0.0059317027
  -0.0014214911
   0.0060386375
  -0.0228031570
  -0.0359808496
  -0.0435336219
  -0.0293744771
  -0.0505337961
  -0.0525801017
  -0.0467103382
  -0.0467010824
  -0.0545358239
  -0.0552323156
  -0.0521799571
  -0.0518237579
  -0.0535931640
  -0.0486586804
  -0.0386287080
  -0.0463108627
  -0.0354154724
  -0.0286492149
   0.0026113788
   0.0139070056
   0.0028787442
   0.0032296825
   0.0039896757
   0.0034942112
   0.0034128688
   0.0019506661
   0.0099593202
   0.0121590772
   0.0093326677
   0.0048208337
   0.0199798806
   0.0230950504
   0.0170368712
   0.0118948631
   0.0181881775
   0.0246082114
   0.0267387526
   0.0198680622
   0.0082703830
  -0.0102393935
  -0.0002255483
   0.0209914669
   0.0008136704
   0.0304287909
   0.0371666723
   0.0317204417
   0.0302810648
   0.0499271208
   0.0369167232
   0.0313205133
   0.0305993593
   0.0479002707
   0.0361855931
   0.0295244343
   0.0350545138
   0.0026124567
   0.0255594785
   0.0191750925
   0.0055662519
  -0.0204179879
   0.0221754518
   0.0147397445
   0.0078564685
   0.0169239397
   0.0228883869
   0.0184897178
   0.0373018543
   0.0277557100
   0.0448949700
   0.0066751955
   0.0270792554
   0.0371578525
   0.0449202611
   0.0264255739
   0.0367275365
   0.0370330632
   0.0264291115
  -0.0059631037
  -0.0229814279
  -0.0014843573
   0.0040505108
  -0.0201760525
  -0.0006474638
   0.0046580953
  -0.0213616788
  -0.0037372162
  -0.0081189925
  -0.0418311560
   0.0032631749
   0.0031546928
  -0.0034733785
  -0.0203601221
   0.0007228487
   0.0023571877
   0.0024810014
  -0.0042761395
   0.0012244183
   0.0026576029
   0.0023164453
   0.0007888455
   0.0020535297
   0.0024143265
  -0.0053162800
   0.0016961299
   0.0024997934
   0.0032676058
  -0.0028553996
  -0.0209831293
   0.0039045870
  -0.0068983061
  -0.0371398170
   0.0009033502
   0.0099306499
   0.0038780795
  -0.0225196304
   0.0099393985
   0.0038726726
  -0.0210322878
  -0.0100782660
   0.0013842841
  -0.0205856289
   0.0021251010
  -0.0125698125
   0.0031196721
   0.0084934453
   0.0079159842
   0.0055472894
   0.0021819015
  -0.0025125447
   0.0066809036
   0.0069533705
   0.0057920761
   0.0064483734
   0.0053257990
   0.0037372631
   0.0010621436
   0.0074233316
   0.0065709010
  -0.0266140572
  -0.0086096807
   0.0039637644
   0.0087652881
  -0.0220974637
   0.0007603589
   0.0250588281
   0.0231938543
   0.0227857351
   0.0245301105
   0.0226235884
   0.0106572120
   0.0068592548
   0.0088478763
   0.0088252004
   0.0217307346
   0.0139679472
   0.0341108997
   0.0192258869
   0.0113361219
   0.0076514615
  -0.0075617275
  -0.0075665110
  -0.0163090347
  -0.0094226773
  -0.0160833373
  -0.0219935163
  -0.0096739005
  -0.0244779003
  -0.0170610187
  -0.0240598653
  -0.0174257304
  -0.0134901158
  -0.0210784753
  -0.0110791548
  -0.0137763977
  -0.0095456231
  -0.0054557808
   0.0007782340
   0.0060092699
  -0.0038493694
   0.0000918243
   0.0025606135
   0.0024055769
   0.0049491043
   0.0090305791
   0.0041192776
   0.0027302048
   0.0035843898
   0.0020460759
  -0.0028115157
  -0.0026785700
  -0.0049033420
   0.0083809430
   0.0016405722
  -0.0141930407
  -0.0150373737
  -0.0265919730
  -0.0224600120
  -0.0290698291
  -0.0339051348
  -0.0285722203
  -0.0291705383
  -0.0360317028
  -0.0358242000
  -0.0300520689
  -0.0364423515
  -0.0358390809
  -0.0312387048
  -0.0348216896
  -0.0275984631
  -0.0202208211
  -0.0290112935
  -0.0239359819
  -0.0178726500
   0.0029429046
  -0.0013455976
   0.0005755453
   0.0107555341
   0.0078569376
   0.0010381254
  -0.0032342312
  -0.0032566613
   0.0022544655
   0.0026415581
   0.0016206388
   0.0012552307
  -0.0036721386
   0.0043620024
   0.0109384815
  -0.0033918221
   0.0093751776
  -0.0030920410
   0.0015989512
  -0.0165180371
  -0.0257381256
  -0.0316682561
  -0.0201779069
  -0.0377802943
  -0.0400690596
  -0.0333381186
  -0.0405342613
  -0.0438973277
  -0.0427397645
  -0.0355631406
  -0.0411096014
  -0.0442929193
  -0.0432218791
  -0.0365295172
  -0.0391035870
  -0.0414648154
  -0.0360903384
  -0.0278669227
  -0.0344520378
  -0.0256686362
  -0.0211312092
   0.0023936447
   0.0079756535
   0.0015260825
   0.0032956510
   0.0007182946
   0.0014766801
   0.0062240194
   0.0076132558
   0.0075059941
   0.0081215843
   0.0024471608
   0.0161712083
   0.0191322187
   0.0146688119
   0.0096977032
   0.0119730199
   0.0172056088
   0.0207596442
   0.0219469974
   0.0168700601
   0.0091601995
  -0.0021095042
  -0.0056841350
   0.0189505482
   0.0093492831
  -0.0071702036
   0.0262867506
   0.0303228696
   0.0270151885
   0.0256216543
   0.0387722433
   0.0308275662
   0.0271999991
   0.0257934449
   0.0370251311
   0.0305066643
   0.0265201251
   0.0367393218
   0.0299052109
   0.0256280956
   0.0287009533
   0.0189275723
   0.0091921227
  -0.0095644654
   0.0208005635
   0.0158844981
   0.0067853569
  -0.0088503724
   0.0179141924
   0.0127246029
   0.0060920094
   0.0097420870
   0.0156345672
   0.0191073016
   0.0144912571
   0.0302351406
   0.0237849146
   0.0370734579
   0.0099090945
   0.0232600669
   0.0307786084
   0.0402305700
   0.0171174294
   0.0268200451
   0.0331411245
   0.0371633899
   0.0082951027
   0.0224591309
   0.0302928045
   0.0300354906
   0.0227596493
  -0.0096863105
  -0.0263224433
  -0.0066101691
  -0.0001171130
  -0.0103259146
  -0.0010966716
   0.0025359754
  -0.0218311030
  -0.0051957626
   0.0006745129
  -0.0171333491
  -0.0072342579
   0.0012412753
  -0.0048847297
  -0.0183162256
   0.0001331041
   0.0013687969
  -0.0013538968
  -0.0092106788
  -0.0212584232
  -0.0005840885
   0.0000889790
   0.0009047637
  -0.0025105551
  -0.0044869924
   0.0000061541
   0.0002922721
   0.0000883321
  -0.0005909110
  -0.0002021119
   0.0007786872
  -0.0028867455
  -0.0050741192
   0.0004385712
  -0.0003891934
   0.0012802421
  -0.0011271937
  -0.0093005206
  -0.0238168024
   0.0010085510
  -0.0042436667
  -0.0169367913
   0.0040162381
  -0.0032205549
   0.0054893876
  -0.0015367809
   0.0076107970
   0.0037277555
  -0.0075050547
   0.0055360164
  -0.0011875068
  -0.0020003497
  -0.0081079263
   0.0021999236
   0.0068124256
  -0.0185881359
  -0.0039106686
   0.0035868809
   0.0058992897
   0.0046187526
   0.0035135892
   0.0015703164
  -0.0043082355
   0.0004317260
   0.0046906564
   0.0043047953
   0.0030588420
   0.0038389072
   0.0033048607
   0.0025804263
  -0.0009385879
   0.0022708946
   0.0051017766
   0.0040554502
  -0.0122082015
  -0.0017778249
   0.0042136302
   0.0061972963
  -0.0274725328
  -0.0074451549
   0.0021362771
   0.0071403392
   0.0211099605
   0.0219134760
   0.0196246890
   0.0199533206
   0.0148880451
   0.0056061907
   0.0190166243
   0.0252702715
   0.0232471792
   0.0190136203
   0.0098691359
   0.0064234200
   0.0081916108
   0.0076230333
   0.0174486322
   0.0111025110
   0.0285861165
   0.0262688130
   0.0118249913
   0.0219364049
   0.0155260861
   0.0091491011
   0.0066085038
  -0.0042059125
  -0.0051840429
  -0.0102891320
  -0.0052397733
  -0.0110919182
  -0.0141588469
  -0.0056077598
  -0.0163565207
  -0.0107847643
  -0.0159856071
  -0.0050499060
  -0.0158595888
  -0.0112523451
  -0.0090599934
  -0.0134260636
  -0.0066291458
  -0.0085055931
  -0.0052952771
  -0.0028862442
   0.0006035902
   0.0039462469
  -0.0001395288
   0.0020396110
   0.0030040074
   0.0042404434
   0.0058312312
   0.0039109842
   0.0028908047
   0.0018881798
   0.0018693702
  -0.0079951118
  -0.0029284464
  -0.0020711593
  -0.0048043159
   0.0051219106
   0.0000587756
  -0.0098571173
  -0.0085173682
  -0.0198048102
  -0.0168944358
  -0.0200756927
  -0.0261787943
  -0.0239926033
  -0.0197758172
  -0.0275976852
  -0.0287352560
  -0.0207970673
  -0.0280699316
  -0.0288526038
  -0.0225584191
  -0.0272251033
  -0.0237492307
  -0.0136878294
  -0.0220778718
  -0.0180729857
  -0.0130363755
   0.0019953128
  -0.0018290703
   0.0065974381
   0.0047784209
   0.0004130751
  -0.0034201241
  -0.0034208591
  -0.0056650076
   0.0002312340
   0.0008001495
  -0.0010438392
  -0.0074631361
  -0.0237564005
   0.0005935630
   0.0001337202
  -0.0036945349
   0.0018443824
   0.0065708903
  -0.0035581442
  -0.0094690981
  -0.0035378061
  -0.0004945276
  -0.0123754716
  -0.0196327301
  -0.0247503459
  -0.0266429949
  -0.0322231575
  -0.0304923666
  -0.0290852337
  -0.0349970300
  -0.0357175699
  -0.0323539614
  -0.0297845360
  -0.0353814004
  -0.0361174362
  -0.0329944179
  -0.0277087208
  -0.0333823947
  -0.0321842984
  -0.0211645164
  -0.0272137886
  -0.0193294303
  -0.0160651356
   0.0018591957
   0.0049673784
   0.0009909693
   0.0023462776
  -0.0001282821
   0.0007008821
   0.0039108040
   0.0054500079
   0.0057239701
  -0.0106318196
   0.0002080834
   0.0046598196
   0.0060727192
   0.0052866335
   0.0000340227
   0.0015135814
   0.0135286993
   0.0166263132
   0.0118281009
   0.0068845564
   0.0093597219
   0.0148167549
   0.0186202960
   0.0196075877
   0.0147263175
   0.0080580729
  -0.0017689795
   0.0085415628
  -0.0049926491
   0.0233136227
   0.0269370526
   0.0237225138
   0.0329055212
   0.0267791145
   0.0238067531
   0.0225088807
   0.0317127524
   0.0265173953
   0.0233194260
   0.0313022670
   0.0260236619
   0.0228023001
   0.0254901101
   0.0085167542
  -0.0064908550
   0.0183748303
   0.0137505151
   0.0061281679
  -0.0069856320
   0.0152670588
   0.0098525448
   0.0032628296
   0.0071226086
   0.0131470255
   0.0167688511
   0.0117574022
   0.0262137512
   0.0198847934
   0.0326066003
   0.0106669984
   0.0206464395
   0.0268286567
   0.0356559412
   0.0157764751
   0.0234271675
   0.0289186479
   0.0327713933
   0.0094876454
   0.0200272304
   0.0264865892
   0.0260932725
   0.0190084634
  -0.0099168089
  -0.0095762708
  -0.0023772051
  -0.0135496431
  -0.0038104573
   0.0001805773
  -0.0080734183
  -0.0016404172
  -0.0077103334
  -0.0031052964
  -0.0116864515
   0.0001063016
  -0.0012702392
  -0.0062838423
  -0.0157412083
  -0.0016391973
  -0.0011036141
  -0.0005933088
  -0.0040118559
  -0.0057217880
  -0.0009455312
  -0.0010691860
  -0.0011684013
  -0.0015889235
  -0.0013621096
  -0.0007027927
  -0.0043372015
  -0.0061818248
  -0.0002715491
  -0.0001144399
  -0.0011819374
  -0.0061475529
  -0.0165481951
   0.0004302585
  -0.0028706037
  -0.0107340543
  -0.0040042056
   0.0027323879
  -0.0049936323
   0.0049270154
   0.0005851389
  -0.0112591064
   0.0028668559
  -0.0044194421
  -0.0027211333
  -0.0177823236
  -0.0037486396
   0.0028376865
  -0.0112692112
  -0.0014726017
   0.0031584812
   0.0043243194
   0.0022109560
   0.0003107000
  -0.0059390841
  -0.0014050197
   0.0028979334
   0.0028418881
   0.0014031179
   0.0022433693
   0.0019830649
   0.0013174560
  -0.0025751360
   0.0004200996
   0.0033968652
   0.0026957681
  -0.0176252686
  -0.0077778081
  -0.0002697359
   0.0036073349
   0.0047252857
  -0.0161199879
  -0.0036390048
   0.0028124972
   0.0179685639
   0.0188392122
   0.0241304392
   0.0170946522
   0.0174497686
   0.0132480703
   0.0171285838
   0.0127720182
   0.0051996734
  -0.0108629612
   0.0193521372
   0.0163597197
   0.0205321861
   0.0196012441
   0.0160703730
   0.0089335133
   0.0059604361
   0.0106418150
   0.0073821589
   0.0068185442
   0.0144149927
   0.0053496642
   0.0092818408
   0.0227922576
   0.0114322957
   0.0096542255
   0.0209981012
   0.0093082630
   0.0172371046
   0.0129007608
   0.0077753664
   0.0059375930
  -0.0020439599
  -0.0033940403
  -0.0064443442
  -0.0025384242
  -0.0076020463
  -0.0091211244
  -0.0028823146
  -0.0108152554
  -0.0046664738
  -0.0110212787
  -0.0096670692
   0.0005602634
  -0.0108289237
  -0.0097519245
  -0.0000142746
  -0.0105637620
  -0.0053662563
  -0.0060249738
  -0.0085628336
  -0.0036431482
  -0.0052044962
  -0.0026157578
  -0.0012390946
   0.0006992826
   0.0027558026
  -0.0000284499
   0.0017531467
   0.0031821434
   0.0038698830
   0.0039099117
   0.0038442456
   0.0027403349
   0.0011118935
   0.0019137093
  -0.0053854314
  -0.0026956081
  -0.0014975213
  -0.0043394429
   0.0031665890
  -0.0006221300
  -0.0069394536
  -0.0050504388
  -0.0141324312
  -0.0125286340
  -0.0128357170
  -0.0191536402
  -0.0192416482
  -0.0143776511
  -0.0120008577
  -0.0203636574
  -0.0226410778
  -0.0198626510
  -0.0120897424
  -0.0203875484
  -0.0234829568
  -0.0223627782
  -0.0140033790
  -0.0212938404
  -0.0230147329
  -0.0193394067
  -0.0158336446
  -0.0205609461
  -0.0196661189
  -0.0096435172
  -0.0163695208
  -0.0137620413
  -0.0097296954
   0.0010863486
  -0.0019425187
   0.0042275419
   0.0028221261
  -0.0002600093
  -0.0032486588
  -0.0034287940
  -0.0056797173
  -0.0014632566
  -0.0004420430
  -0.0010497018
  -0.0003264338
  -0.0011606514
  -0.0047632455
  -0.0136131310
  -0.0010033305
  -0.0005387177
  -0.0104361856
  -0.0045518523
  -0.0035218854
   0.0004690791
   0.0040646677
  -0.0034870248
  -0.0072389003
  -0.0035892077
  -0.0015273142
  -0.0149779451
  -0.0187292735
  -0.0240325630
  -0.0250525702
  -0.0206399357
  -0.0265188722
  -0.0289031925
  -0.0277099603
  -0.0221390908
  -0.0233720212
  -0.0286463367
  -0.0302835860
  -0.0293356782
  -0.0253373513
  -0.0271363961
  -0.0295105772
  -0.0285328408
  -0.0236265714
  -0.0251299905
  -0.0265086987
  -0.0231293583
  -0.0163281109
  -0.0210155353
  -0.0149583474
  -0.0126118037
   0.0012851645
   0.0032032799
   0.0007257736
   0.0014416612
  -0.0003575270
   0.0002865166
   0.0025259121
   0.0040040688
   0.0014774087
   0.0038678337
   0.0044951466
  -0.0199864837
  -0.0054642044
   0.0011137695
   0.0037541426
   0.0043297385
   0.0031858486
  -0.0002602523
   0.0009868048
   0.0115578571
   0.0142812398
   0.0100590976
   0.0061832709
   0.0081296165
   0.0127885951
   0.0160021948
   0.0167799646
   0.0125822203
   0.0070681823
  -0.0001583608
  -0.0050746850
   0.0145567575
   0.0084606854
  -0.0004709126
  -0.0049221420
   0.0208413273
   0.0234968632
   0.0210244655
   0.0281749506
   0.0235382557
   0.0211583219
   0.0199295813
   0.0274476723
   0.0234026819
   0.0209976718
   0.0269508004
   0.0231337027
   0.0206134739
   0.0265625157
   0.0227417114
   0.0140287323
   0.0077829742
  -0.0025013101
   0.0154888778
   0.0114181411
   0.0050373684
  -0.0047159893
   0.0128157999
   0.0081071157
   0.0030531467
   0.0059796850
   0.0110998155
   0.0141812057
   0.0097630800
   0.0220532252
   0.0166710294
   0.0274928730
   0.0087048886
   0.0171878189
   0.0226614245
   0.0047383535
   0.0147977611
   0.0207893117
   0.0254716906
   0.0144974924
   0.0206031773
   0.0253871152
   0.0276495843
   0.0165375785
   0.0223279193
  -0.0096473701
  -0.0034192989
  -0.0158250872
  -0.0061164178
  -0.0018040425
  -0.0147963356
  -0.0056733306
  -0.0015514578
  -0.0080620206
  -0.0026540029
  -0.0072930836
  -0.0021271568
  -0.0067075060
  -0.0155840091
  -0.0009424890
  -0.0020591620
  -0.0059321004
  -0.0124643992
  -0.0020055730
  -0.0017272763
  -0.0015855735
  -0.0042372725
  -0.0052288967
  -0.0016656740
  -0.0018949759
  -0.0019138834
  -0.0019040376
  -0.0019115303
  -0.0016840206
  -0.0044838464
  -0.0054423924
  -0.0010278586
  -0.0011153215
  -0.0020415709
  -0.0059531088
  -0.0132297671
  -0.0005672715
  -0.0020773697
  -0.0063275015
  -0.0151356676
  -0.0077528452
  -0.0198026040
  -0.0035867999
   0.0014326907
  -0.0047964025
   0.0027653896
  -0.0017732199
   0.0028189703
  -0.0016401299
   0.0017141858
  -0.0040866089
  -0.0087660360
  -0.0012308193
   0.0025666496
  -0.0095588279
  -0.0020996089
   0.0017810715
   0.0029113163
   0.0013603941
  -0.0004999403
  -0.0051838998
  -0.0020380685
   0.0015282833
   0.0018338815
   0.0003383107
   0.0011977840
   0.0012599178
   0.0005310543
  -0.0024298855
  -0.0003632633
   0.0021051938
   0.0018150339
  -0.0123934694
  -0.0063762173
  -0.0008166474
   0.0023169067
   0.0032215668
  -0.0189287794
  -0.0073481707
  -0.0007919820
   0.0028448254
  -0.0112992210
