   3.9695192010   -0.6362927520    1.9560311832
   5.3039768548    1.2489525833    0.1373778353
   4.6374551691    2.0013000404    0.1373778353
   3.9695192010   -0.6362927520   -1.6812755126
   2.2171826862   -0.5019982735    2.2391040986
   1.6921826862    0.4073284004    1.9577574466
   2.2171826862   -0.5019982735   -1.9608959014
   2.0903493349   -1.8219931049    2.3318619686
   3.1403493349   -1.8219931049    2.0505153166
   2.6153493349   -2.7313197789    2.0505153166
   3.1403493349   -1.8219931049   -1.5867913793
   2.6153493349   -2.7313197789   -1.5867913793
   2.0903493349   -1.8219931049   -1.8681380314
   0.8509953262   -2.2459347256    2.3066862550
  -0.1990046738   -2.2459347256    2.0253396030
   0.3259953262   -3.1552613996    2.0253396030
   1.3759953262   -3.1552613996    2.0253396030
   0.5921739691   -4.0460768047    1.2566862550
   1.6064912304   -3.9002399993    1.2566862550
   0.1063250634   -4.2094688352    0.2066862550
   1.1041223548   -4.3306233612    0.2066862550
   2.0439312944   -3.9742008440    0.2066862550
   0.5921739691   -4.0460768047   -0.8433137450
   1.6064912304   -3.9002399993   -0.8433137450
   0.3259953262   -3.1552613996   -1.6119670929
   1.3759953262   -3.1552613996   -1.6119670929
   0.8509953262   -2.2459347256   -1.8933137450
   0.1286390386   -1.1164525924    2.1891004207
  -0.3963609614   -0.2071259185    1.9077537687
  -0.3963609614   -2.0257792664    1.9077537687
   1.1786390386   -1.1164525924   -1.7295529272
  -0.3963609614   -0.2071259185   -1.7295529272
  -0.3963609614   -2.0257792664   -1.7295529272
   0.1286390386   -1.1164525924   -2.0108995793
   0.9245933110   -0.0184598376    2.1437506456
   1.4495933110    0.8908668363    1.8624039936
  -0.1254066890   -0.0184598376    1.8624039936
  -0.1254066890   -0.0184598376   -1.7749027023
   1.4495933110   -0.9277865116   -1.7749027023
   0.9245933110   -0.0184598376   -2.0562493544
   0.4157072574    1.3150088208    2.0215625507
   1.4657072574    1.3150088208    1.7402158987
  -0.1092927426    2.2243354948    1.7402158987
   1.4657072574    1.3150088208   -1.8970907972
  -0.1092927426    2.2243354948   -1.8970907972
  -0.1092927426    0.4056821468   -1.8970907972
   0.4157072574    1.3150088208   -2.1784374493
   1.0766676157    2.3178513158    1.8377718327
   2.0566676157    2.3178513158    1.5751816241
   1.5666676157    3.1665562115    1.5751816241
   0.5866676157    3.1665562115    1.5751816241
   2.4499009833    3.3155637583    0.8577718327
   1.6011960876    3.9321839588    0.8577718327
   0.5521391437    3.9321839588    0.8577718327
   3.0366676157    2.3178513158   -0.1222281673
   2.7740774071    3.2978513158   -0.1222281673
   2.0566676157    4.0152611073   -0.1222281673
   1.0766676157    4.2778513158   -0.1222281673
   2.7740774071    2.3178513158   -1.1022281673
   2.4499009833    3.3155637583   -1.1022281673
   1.6011960876    3.9321839588   -1.1022281673
   0.5521391437    3.9321839588   -1.1022281673
   2.0566676157    2.3178513158   -1.8196379587
   1.5666676157    3.1665562115   -1.8196379587
   0.5866676157    3.1665562115   -1.8196379587
   1.0766676157    2.3178513158   -2.0822281673
  -0.9778585429    1.3282741622    1.9563518263
  -0.4528585429    2.2376008362    1.6750051743
  -2.0278585429    1.3282741622    1.6750051743
  -0.4528585429    0.4189474882    1.6750051743
  -0.4528585429    2.2376008362   -1.9623015216
  -0.4528585429    0.4189474882   -1.9623015216
  -0.9778585429    1.3282741622   -2.2436481737
  -0.6099178611    2.6175400685    1.5475042375
  -1.1349178611    3.5268667425    1.5475042375
  -1.9187392182    4.4176821477    0.7788508896
  -2.4045881239    4.5810741782   -0.2711491104
  -3.2317904323    4.0100976508   -0.2711491104
  -1.9187392182    4.4176821477   -1.3211491104
  -0.6099178611    2.6175400685   -2.0898024584
  -1.1349178611    3.5268667425   -2.0898024584
  -1.8150349912    0.2177607324    2.0002342926
  -0.7650349912    0.2177607324    1.7188876406
  -2.3400349912    1.1270874064    1.7188876406
  -0.7650349912    0.2177607324   -1.9184190553
  -2.3400349912    1.1270874064   -1.9184190553
  -2.3400349912   -0.6915659415   -1.9184190553
  -1.8150349912    0.2177607324   -2.1997657074
  -3.0052275053    0.3433287624    1.7952959238
  -3.4952275053    1.1920336581    1.5327057152
  -3.9852275053    0.3433287624    1.5327057152
  -3.4952275053   -0.5053761333    1.5327057152
  -4.3784608729    1.3410412049    0.8152959238
  -4.7026372967    0.3433287624    0.8152959238
  -4.3784608729   -0.6543836801    0.8152959238
  -3.9852275053    2.0407385538   -0.1647040762
  -4.7026372967    1.3233287624   -0.1647040762
  -4.9652275053    0.3433287624   -0.1647040762
  -4.7026372967   -0.6366712376   -0.1647040762
  -4.3784608729    1.3410412049   -1.1447040762
  -4.7026372967    0.3433287624   -1.1447040762
  -4.3784608729   -0.6543836801   -1.1447040762
  -3.4952275053    1.1920336581   -1.8621138676
  -3.9852275053    0.3433287624   -1.8621138676
  -3.4952275053   -0.5053761333   -1.8621138676
  -3.0052275053    0.3433287624   -2.1247040762
  -1.2353208264   -1.0200974208    2.1198961364
  -0.7103208264   -0.1107707469    1.8385494843
  -0.7103208264   -1.9294240948    1.8385494843
  -0.7103208264   -1.9294240948   -1.7987572116
  -1.2353208264   -1.0200974208   -2.0801038636
  -1.0549889689   -2.1898498319    1.8844991275
  -1.5799889689   -3.0991765059    1.8844991275
  -4.1439667855   -2.6924127269    0.0658457795
  -3.6768615400   -3.5824074142    0.0658457795
  -2.8496592316   -4.1533839416    0.0658457795
  -2.3638103259   -3.9899919111   -0.9841542205
  -1.0549889689   -2.1898498319   -1.7528075684
   3.4495704165    0.9636842036    2.6480215397
   4.4370496403    0.9636842036    2.3271700903
   3.7547182783    1.9028327542    2.3271700903
   2.6506829428    1.5441099284    2.3271700903
   2.6506829428    0.3832584789    2.3271700903
   3.7547182783    0.0245356531    2.3271700903
   5.0473453639    0.9636842036    1.4871700903
   4.6735370363    1.9907141429    1.4871700903
   3.7270211244    2.5371853594    1.4871700903
   2.6506829428    2.3473978976    1.4871700903
   1.9481530888    1.5101554201    1.4871700903
   4.6735370363    1.9907141429    0.4488729892
   3.7270211244    2.5371853594    0.4488729892
   5.2661581296   -0.4090485263    1.5849330233
   4.5838267675   -1.3481970768    1.5849330233
   5.8764538531   -0.4090485263    0.7449330233
   5.5026455255    0.6179814130    0.7449330233
   4.5561296136   -1.9825496820    0.7449330233
   5.5026455255   -1.4360784655    0.7449330233
   5.8764538531   -0.4090485263   -0.2933640778
   5.5026455255    0.6179814130   -0.2933640778
   4.5561296136   -1.9825496820   -0.2933640778
   5.5026455255   -1.4360784655   -0.2933640778
   5.2661581296   -0.4090485263   -1.1333640778
   4.5838267675   -1.3481970768   -1.1333640778
   3.8064158700    2.4074591169   -0.2628239121
   5.1267401095    0.8339579611   -1.3011210132
   4.7529317819    1.8609879004   -1.3011210132
   3.8064158700    2.4074591169   -1.3011210132
   2.7300776884    2.2176716551   -1.3011210132
   4.5164443859    0.8339579611   -2.1411210132
   3.8341130238    1.7731065117   -2.1411210132
   2.7300776884    1.4143836859   -2.1411210132
   2.7300776884    0.2535322364   -2.1411210132
   3.8341130238   -0.1051905894   -2.1411210132
   3.5289651621    0.8339579611   -2.4619724626
   3.9291134173   -2.4667275790    1.6781198689
   3.2467820553   -3.4058761296    1.6781198689
   4.5394091409   -2.4667275790    0.8381198689
   2.1427467198   -3.8504412730    0.8381198689
   3.2190849014   -4.0402287348    0.8381198689
   4.1656008133   -3.4937575183    0.8381198689
   4.5394091409   -2.4667275790   -0.2001772322
   3.2190849014   -4.0402287348   -0.2001772322
   4.1656008133   -3.4937575183   -0.2001772322
   3.9291134173   -2.4667275790   -1.0401772322
   3.2467820553   -3.4058761296   -1.0401772322
  -0.6031971012    4.3256015456    1.0648248317
   0.3156216568    4.4134829343    0.2248248317
  -0.6308942550    4.9599541508    0.2248248317
  -1.7072324367    4.7701666890    0.2248248317
   0.3156216568    4.4134829343   -0.8134722694
  -0.6308942550    4.9599541508   -0.8134722694
  -1.7072324367    4.7701666890   -0.8134722694
   0.0791342609    3.3864529950   -1.6534722694
  -0.6031971012    4.3256015456   -1.6534722694
  -3.7453007718    3.1827341086   -0.6609690665
  -3.7453007718    2.0897916756   -0.6609690665
  -1.9664327361    4.2097640478   -1.6992661676
  -3.0427709178    4.0199765860   -1.6992661676
  -3.7453007718    3.1827341086   -1.6992661676
  -3.7453007718    2.0897916756   -1.6992661676
  -1.2564042202    2.6362628921   -2.5392661676
  -1.9387355823    3.5754114426   -2.5392661676
  -3.0427709178    3.2166886168   -2.5392661676
  -3.0427709178    2.0558371673   -2.5392661676
  -1.9387355823    1.6971143415   -2.5392661676
  -2.2438834441    2.6362628921   -2.8601176171
  -2.3236849786    2.7671268241    2.2483013711
  -1.3362057547    2.7671268241    1.9274499217
  -2.0185371168    3.7062753746    1.9274499217
  -3.1225724523    3.3475525488    1.9274499217
  -3.1225724523    2.1867010994    1.9274499217
  -2.0185371168    1.8279782735    1.9274499217
  -2.0462342706    4.3406279798    1.0874499217
  -3.1225724523    4.1508405181    1.0874499217
  -3.8251023063    3.3135980406    1.0874499217
  -3.8251023063    2.2206556076    1.0874499217
  -3.1225724523    4.1508405181    0.0491528206
  -3.8251023063    3.3135980406    0.0491528206
  -3.8251023063    2.2206556076    0.0491528206
  -1.1760115300   -4.0013357789    1.5313282745
  -2.2800468655   -4.4459009223    0.6913282745
  -1.2037086839   -4.6356883841    0.6913282745
  -0.2571927720   -4.0892171675    0.6913282745
  -2.2800468655   -4.4459009223   -0.3469688266
  -1.2037086839   -4.6356883841   -0.3469688266
  -0.2571927720   -4.0892171675   -0.3469688266
  -0.4936801679   -3.0621872283   -1.1869688266
  -1.1760115300   -4.0013357789   -1.1869688266
  -4.1859159279   -1.7112996443   -0.3251578242
  -4.1859159279   -2.8042420773   -0.3251578242
  -4.1859159279   -1.7112996443   -1.3634549253
  -4.1859159279   -2.8042420773   -1.3634549253
  -3.4833860739   -3.6414845548   -1.3634549253
  -2.4070478922   -3.8312720166   -1.3634549253
  -1.6970193763   -2.2577708608   -2.2034549253
  -2.3793507384   -1.3186223103   -2.2034549253
  -3.4833860739   -1.6773451361   -2.2034549253
  -3.4833860739   -2.8381965855   -2.2034549253
  -2.3793507384   -3.1969194114   -2.2034549253
  -2.6844986002   -2.2577708608   -2.5243063747
  -2.7830153182   -2.1142410340    2.5842426036
  -1.7955360944   -2.1142410340    2.2633911542
  -2.4778674565   -1.1750924834    2.2633911542
  -3.5819027919   -1.5338153092    2.2633911542
  -3.5819027919   -2.6946667587    2.2633911542
  -2.4778674565   -3.0533895845    2.2633911542
  -3.5819027919   -0.7305273400    1.4233911542
  -4.2844326459   -1.5677698174    1.4233911542
  -4.2844326459   -2.6607122505    1.4233911542
  -3.5819027919   -3.4979547279    1.4233911542
  -4.2844326459   -1.5677698174    0.3850940531
  -4.2844326459   -2.6607122505    0.3850940531
   3.9651796879   -0.6287764949    2.2997031183
   5.5526304745    1.2882468050    0.6714280768
   5.5526304745    1.2882468050   -0.3966724062
   5.3209147589    0.2730339220   -1.3589976892
   3.9651796879   -0.6287764949   -2.0249474477
   2.2171826862   -0.5019982735    2.5391040986
   1.6965221993    0.3998121433    2.3014293816
   2.2171826862   -0.5019982735   -2.2608959014
   2.0903493349   -1.8219931049    2.6318619686
   3.1316703088   -1.8219931049    2.3941872516
   2.6110098218   -2.7238035218    2.3941872516
   3.9667448928   -1.8219931049   -1.2645135558
   3.1316703088   -1.8219931049   -1.9304633143
   2.6110098218   -2.7238035218   -1.9304633143
   2.0903493349   -1.8219931049   -2.1681380314
   0.8509953262   -2.2459347256    2.6066862550
  -0.1903256477   -2.2459347256    2.3690115380
   0.3303348393   -3.1477451425    2.3690115380
   1.3716558132   -3.1477451425    2.3690115380
  -0.3777824460   -3.6640198698    1.7030617795
   0.5839563959   -4.1032312823    1.7030617795
   1.6304782113   -3.9527641610    1.7030617795
   0.3303348393   -4.5270973671    0.7407364965
   1.3716558132   -4.5270973671    0.7407364965
   0.3303348393   -4.5270973671   -0.3273639864
   1.3716558132   -4.5270973671   -0.3273639864
  -0.3777824460   -3.6640198698   -1.2896892694
   0.5839563959   -4.1032312823   -1.2896892694
   1.6304782113   -3.9527641610   -1.2896892694
   0.3303348393   -3.1477451425   -1.9556390279
   1.3716558132   -3.1477451425   -1.9556390279
   0.8509953262   -2.2459347256   -2.1933137450
   0.1286390386   -1.1164525924    2.4891004207
  -0.3920214484   -0.2146421756    2.2514257037
  -0.3920214484   -2.0182630093    2.2514257037
  -0.3920214484   -2.0182630093   -2.0732248622
   0.1286390386   -1.1164525924   -2.3108995793
   0.9245933110   -0.0184598376    2.4437506456
   1.4452537980    0.8833505792    2.2060759286
  -0.1167276629   -0.0184598376   -2.1185746373
   1.4452537980   -0.9202702545   -2.1185746373
   0.9245933110   -0.0184598376   -2.3562493544
   0.4157072574    1.3150088208    2.3215625507
   1.4570282312    1.3150088208    2.0838878337
  -0.1049532296    2.2168192377    2.0838878337
   1.4570282312    1.3150088208   -2.2407627322
  -0.1049532296    2.2168192377   -2.2407627322
  -0.1049532296    0.4131984039   -2.2407627322
   0.4157072574    1.3150088208   -2.4784374493
   1.0766676157    2.3178513158    2.1177718327
   2.0485671913    2.3178513158    1.8959420968
   1.5626174035    3.1595410383    1.8959420968
   0.5907178279    3.1595410383    1.8959420968
   2.4935011172    3.3472411098    1.2743889888
   1.6178498569    3.9834389902    1.2743889888
   0.5354853745    3.9834389902    1.2743889888
   3.0103605952    3.3327316816    0.3762187247
   2.3172292933    4.1151151862    0.3762187247
   1.3399002615    4.4857671975    0.3762187247
   3.0103605952    3.3327316816   -0.6206750594
   2.3172292933    4.1151151862   -0.6206750594
   1.3399002615    4.4857671975   -0.6206750594
   2.4935011172    3.3472411098   -1.5188453235
   1.6178498569    3.9834389902   -1.5188453235
   0.5354853745    3.9834389902   -1.5188453235
   2.0485671913    2.3178513158   -2.1403984314
   1.5626174035    3.1595410383   -2.1403984314
   0.5907178279    3.1595410383   -2.1403984314
   1.0766676157    2.3178513158   -2.3622281673
  -0.9778585429    1.3282741622    2.2563518263
  -0.4571980560    2.2300845791    2.0186771093
  -2.0191795168    1.3282741622    2.0186771093
  -0.4571980560    0.4264637453    2.0186771093
  -0.4571980560    0.4264637453   -2.3059734566
  -0.9778585429    1.3282741622   -2.5436481737
  -0.6185968872    2.6175400685    1.8911761725
  -1.1392573742    3.5193504854    1.8911761725
  -2.1805783480    4.8987027100    0.2629011310
  -2.1805783480    4.8987027100   -0.8051993519
  -3.1187761270    4.4468904722   -0.8051993519
  -1.9269567915    4.4748366252   -1.7675246349
  -0.6185968872    2.6175400685   -2.4334743934
  -1.8150349912    0.2177607324    2.3002342926
  -0.7737140173    0.2177607324    2.0625595756
  -2.3356954781    1.1195711493    2.0625595756
  -0.7737140173    0.2177607324   -2.2620909903
  -2.3356954781   -0.6840496844   -2.2620909903
  -1.8150349912    0.2177607324   -2.4997657074
  -3.0052275053    0.3433287624    2.0752959238
  -3.4911772931    1.1850184848    1.8534661879
  -3.9771270809    0.3433287624    1.8534661879
  -3.4911772931   -0.4983609600    1.8534661879
  -4.4220610068    1.3727185564    1.2319130799
  -4.7565300260    0.3433287624    1.2319130799
  -4.4220610068   -0.6860610316    1.2319130799
  -4.6398541122    1.7914815691    0.3337428158
  -5.1256076500    0.8659555293    0.3337428158
  -5.1256076500   -0.1792980045    0.3337428158
  -4.6398541122   -1.1048240443    0.3337428158
  -4.6398541122    1.7914815691   -0.6631509683
  -5.1256076500    0.8659555293   -0.6631509683
  -5.1256076500   -0.1792980045   -0.6631509683
  -4.6398541122   -1.1048240443   -0.6631509683
  -4.4220610068    1.3727185564   -1.5613212324
  -4.7565300260    0.3433287624   -1.5613212324
  -4.4220610068   -0.6860610316   -1.5613212324
  -3.4911772931    1.1850184848   -2.1828743403
  -3.9771270809    0.3433287624   -2.1828743403
  -3.4911772931   -0.4983609600   -2.1828743403
  -3.0052275053    0.3433287624   -2.4047040762
  -1.2353208264   -1.0200974208    2.4198961364
  -0.7146603395   -0.1182870039    2.1822214194
  -0.7146603395   -1.9219078377   -2.1424291466
  -1.2353208264   -1.0200974208   -2.3801038636
  -1.0636679950   -2.1898498319    2.2281710625
  -1.5843284819   -3.0916602488    2.2281710625
  -2.3720278992   -4.0471463886    1.5622213040
  -3.5638472348   -4.0192002356    0.5998960210
  -3.5638472348   -4.0192002356   -0.4682044620
  -2.6256494558   -4.4710124734   -0.4682044620
  -1.0636679950   -2.1898498319   -2.0964795034
   3.4495704165    0.9636842036    2.8880215397
   4.4095704165    0.9636842036    2.6307903150
   3.9295704165    1.7950685913    2.6307903150
   2.9695704165    1.7950685913    2.6307903150
   2.4895704165    0.9636842036    2.6307903150
   2.9695704165    0.1322998160    2.6307903150
   3.9295704165    0.1322998160    2.6307903150
   5.1123391918    0.9636842036    1.9280215397
   4.7947786134    1.9410351677    1.9280215397
   3.9633942258    2.5450712825    1.9280215397
   2.9357466072    2.5450712825    1.9280215397
   2.1043622196    1.9410351677    1.9280215397
   5.1123391918    1.9236842036    0.9680215397
   4.4095704165    2.6264529789    0.9680215397
   3.4495704165    2.8836842036    0.9680215397
   5.2386789057   -0.4090485263    1.8885532481
   4.7586789057   -1.2404329139    1.8885532481
   5.9414476810   -0.4090485263    1.1857844728
   5.6238871026    0.5683024378    1.1857844728
   4.7925027150   -1.9904356051    1.1857844728
   5.6238871026   -1.3863994903    1.1857844728
   6.1986789057   -0.4090485263    0.2257844728
   5.9414476810    0.5509514737    0.2257844728
   5.2386789057   -2.0718173015    0.2257844728
   5.9414476810   -1.3690485263    0.2257844728
   5.9414476810   -0.4090485263   -0.7342155272
   4.7925027150   -1.9904356051   -0.7342155272
   5.6238871026   -1.3863994903   -0.7342155272
   5.2386789057   -0.4090485263   -1.4369843025
   4.7586789057   -1.2404329139   -1.4369843025
   5.1917339373    1.7939579611   -0.7819724626
   4.4889651621    2.4967267364   -0.7819724626
   3.5289651621    2.7539579611   -0.7819724626
   5.1917339373    0.8339579611   -1.7419724626
   4.8741733590    1.8113089252   -1.7419724626
   4.0427889714    2.4153450400   -1.7419724626
   3.0151413528    2.4153450400   -1.7419724626
   4.4889651621    0.8339579611   -2.4447412379
   4.0089651621    1.6653423488   -2.4447412379
   3.0489651621    1.6653423488   -2.4447412379
   2.5689651621    0.8339579611   -2.4447412379
   3.0489651621    0.0025735735   -2.4447412379
   4.0089651621    0.0025735735   -2.4447412379
   3.5289651621    0.8339579611   -2.7019724626
   3.9016341935   -2.4667275790    1.9817400936
   3.4216341935   -3.2981119667    1.9817400936
   4.6044029688   -2.4667275790    1.2789713184
   2.4278103842   -4.0481146578    1.2789713184
   3.4554580028   -4.0481146578    1.2789713184
   4.2868423904   -3.4440785431    1.2789713184
   4.8616341935   -2.4667275790    0.3189713184
   2.9416341935   -4.3867275790    0.3189713184
   3.9016341935   -4.1294963543    0.3189713184
   4.6044029688   -3.4267275790    0.3189713184
   4.6044029688   -2.4667275790   -0.6410286816
   2.4278103842   -4.0481146578   -0.6410286816
   3.4554580028   -4.0481146578   -0.6410286816
   4.2868423904   -3.4440785431   -0.6410286816
   3.9016341935   -2.4667275790   -1.3437974569
   3.4216341935   -3.2981119667   -1.3437974569
  -0.4283449630    4.2178373827    1.3684450564
   0.4368632339    4.3638039591    0.6656762811
  -0.3945211537    4.9678400738    0.6656762811
  -1.4221687722    4.9678400738    0.6656762811
   0.0516550370    5.0492217703   -0.2943237189
  -0.9083449630    5.3064529950   -0.2943237189
  -1.8683449630    5.0492217703   -0.2943237189
   0.4368632339    4.3638039591   -1.2543237189
  -0.3945211537    4.9678400738   -1.2543237189
  -1.4221687722    4.9678400738   -1.2543237189
   0.0516550370    3.3864529950   -1.9570924942
  -0.4283449630    4.2178373827   -1.9570924942
  -3.2038834441    4.2990316673   -1.1801176171
  -3.9066522193    3.5962628921   -1.1801176171
  -4.1638834441    2.6362628921   -1.1801176171
  -1.7300596348    4.2176499709   -2.1401176171
  -2.7577072533    4.2176499709   -2.1401176171
  -3.5890916410    3.6136138561   -2.1401176171
  -3.9066522193    2.6362628921   -2.1401176171
  -3.5890916410    1.6589119280   -2.1401176171
  -1.2838834441    2.6362628921   -2.8428863924
  -1.7638834441    3.4676472797   -2.8428863924
  -2.7238834441    3.4676472797   -2.8428863924
  -3.2038834441    2.6362628921   -2.8428863924
  -2.7238834441    1.8048785044   -2.8428863924
  -1.7638834441    1.8048785044   -2.8428863924
  -2.2438834441    2.6362628921   -3.1001176171
  -2.3236849786    2.7671268241    2.4883013711
  -1.3636849786    2.7671268241    2.2310701464
  -1.8436849786    3.5985112117    2.2310701464
  -2.8036849786    3.5985112117    2.2310701464
  -3.2836849786    2.7671268241    2.2310701464
  -2.8036849786    1.9357424365    2.2310701464
  -1.8436849786    1.9357424365    2.2310701464
  -1.8098611693    4.3485139029    1.5283013711
  -2.8375087878    4.3485139029    1.5283013711
  -3.6688931755    3.7444777882    1.5283013711
  -3.9864537538    2.7671268241    1.5283013711
  -3.6688931755    1.7897758600    1.5283013711
  -3.2836849786    4.4298955994    0.5683013711
  -3.9864537538    3.7271268241    0.5683013711
  -4.2436849786    2.7671268241    0.5683013711
  -1.9611593918   -3.8935716159    1.8349484992
  -1.0011593918   -3.8935716159    1.8349484992
  -1.9949832011   -4.6435743071    1.1321797239
  -0.9673355825   -4.6435743071    1.1321797239
  -2.4411593918   -4.7249560036    0.1721797239
  -1.4811593918   -4.9821872283    0.1721797239
  -0.5211593918   -4.7249560036    0.1721797239
  -1.9949832011   -4.6435743071   -0.7878202761
  -0.9673355825   -4.6435743071   -0.7878202761
  -1.0011593918   -3.8935716159   -1.4905890513
  -4.6044986002   -2.2577708608   -0.8443063747
  -4.3472673754   -3.2177708608   -0.8443063747
  -3.6444986002   -3.9205396361   -0.8443063747
  -4.0297067971   -1.2804198967   -1.8043063747
  -4.3472673754   -2.2577708608   -1.8043063747
  -4.0297067971   -3.2351218249   -1.8043063747
  -3.1983224095   -3.8391579396   -1.8043063747
  -2.1706747909   -3.8391579396   -1.8043063747
  -1.7244986002   -2.2577708608   -2.5070751500
  -2.2044986002   -1.4263864732   -2.5070751500
  -3.1644986002   -1.4263864732   -2.5070751500
  -3.6444986002   -2.2577708608   -2.5070751500
  -3.1644986002   -3.0891552485   -2.5070751500
  -2.2044986002   -3.0891552485   -2.5070751500
  -2.6844986002   -2.2577708608   -2.7643063747
  -2.7830153182   -2.1142410340    2.8242426036
  -1.8230153182   -2.1142410340    2.5670113789
  -2.3030153182   -1.2828566463    2.5670113789
  -3.2630153182   -1.2828566463    2.5670113789
  -3.7430153182   -2.1142410340    2.5670113789
  -3.2630153182   -2.9456254216    2.5670113789
  -2.3030153182   -2.9456254216    2.5670113789
  -4.1282235151   -1.1368900699    1.8642426036
  -4.4457840935   -2.1142410340    1.8642426036
  -4.1282235151   -3.0915919980    1.8642426036
  -3.2968391275   -3.6956281128    1.8642426036
  -4.4457840935   -1.1542410340    0.9042426036
  -4.7030153182   -2.1142410340    0.9042426036
  -4.4457840935   -3.0742410340    0.9042426036
  -3.7430153182   -3.7770098092    0.9042426036
   3.9611418347   -0.6217827279    2.6318525731
   5.3537075102    0.2730339220    2.0465661445
   5.6919632815    1.3553459483    1.1706231027
   5.9389939387    1.3062791894    0.1373778353
   5.3537075102    2.1822222312    0.1373778353
   4.4777644684    2.7675086598    0.1373778353
   5.6919632815    1.3553459483   -0.8958674321
   4.2376246873   -1.4636248492   -1.7718104739
   5.0506306109   -0.7591512062   -1.7718104739
   3.9611418347   -0.6217827279   -2.3570969025
   2.2171826862   -0.5019982735    2.8391040986
   1.7005600525    0.3928183764    2.6335788364
   2.2171826862   -0.5019982735   -2.5608959014
   2.0903493349   -1.8219931049    2.9318619686
   3.1235946023   -1.8219931049    2.7263367064
   2.6069719686   -2.7168097548    2.7263367064
   3.9995376441   -1.8219931049    2.1410502778
   3.9995376441   -1.8219931049   -1.6773263406
   2.8834548212   -3.5586518761   -1.6773263406
   3.6964607449   -2.8541782331   -1.6773263406
   3.1235946023   -1.8219931049   -2.2626127692
   2.6069719686   -2.7168097548   -2.2626127692
   2.0903493349   -1.8219931049   -2.4681380314
   0.8509953262   -2.2459347256    2.9066862550
  -0.1822499412   -2.2459347256    2.7011609928
   0.3343726925   -3.1407513755    2.7011609928
   1.3676179599   -3.1407513755    2.7011609928
  -0.3992571312   -3.6888029776    2.1158745643
   0.5792895008   -4.1356902506    2.1158745643
   1.6441008125   -3.9825934968    2.1158745643
   0.2959224778   -4.6778677737    1.2399315224
   1.4060681746   -4.6778677737    1.2399315224
   0.8509953262   -4.9459347256    0.2066862550
   1.8842405936   -4.7404094634    0.2066862550
   0.2959224778   -4.6778677737   -0.8265590123
   1.4060681746   -4.6778677737   -0.8265590123
  -0.3992571312   -3.6888029776   -1.7025020542
   0.5792895008   -4.1356902506   -1.7025020542
   1.6441008125   -3.9825934968   -1.7025020542
   0.3343726925   -3.1407513755   -2.2877884827
   1.3676179599   -3.1407513755   -2.2877884827
   0.8509953262   -2.2459347256   -2.4933137450
   0.1286390386   -1.1164525924    2.7891004207
  -0.3879835951   -0.2216359425    2.5835751585
  -0.3879835951   -2.0112692423   -2.4053743171
   0.1286390386   -1.1164525924   -2.6108995793
   0.9245933110   -0.0184598376    2.7437506456
   1.4412159447    0.8763568123    2.5382253834
  -0.1086519564   -0.0184598376   -2.4507240922
   1.4412159447   -0.9132764875   -2.4507240922
   0.9245933110   -0.0184598376   -2.6562493544
   0.4157072574    1.3150088208    2.6215625507
   1.4489525247    1.3150088208    2.4160372885
   0.9323298911    2.2098254707    2.4160372885
  -0.1009153763    2.2098254707    2.4160372885
   1.4489525247    1.3150088208   -2.5729121870
  -0.1009153763    2.2098254707   -2.5729121870
  -0.1009153763    0.4201921709   -2.5729121870
   0.4157072574    1.3150088208   -2.7784374493
   1.0766676157    2.3178513158    2.3977718327
   2.1700546382    2.3178513158    2.1482133798
   1.6233611270    3.2647522536    2.1482133798
   0.5299741044    3.2647522536    2.1482133798
   2.7341182274    3.3830301456    1.4489661334
   1.8951246450    4.1100222230    1.4489661334
   0.7962767388    4.2680127004    1.4489661334
   3.2901844529    3.3838248430    0.4385245862
   2.6084687949    4.2386692397    0.4385245862
   1.6233611270    4.7130720894    0.4385245862
   3.2901844529    3.3838248430   -0.6829809209
   2.6084687949    4.2386692397   -0.6829809209
   1.6233611270    4.7130720894   -0.6829809209
   2.7341182274    3.3830301456   -1.6934224680
   1.8951246450    4.1100222230   -1.6934224680
   0.7962767388    4.2680127004   -1.6934224680
   2.1700546382    2.3178513158   -2.3926697144
   1.6233611270    3.2647522536   -2.3926697144
   0.5299741044    3.2647522536   -2.3926697144
   1.0766676157    2.3178513158   -2.6422281673
  -0.9778585429    1.3282741622    2.5563518263
  -0.4612359092    2.2230908121    2.3508265641
  -0.4612359092    0.4334575123    2.3508265641
  -0.4612359092    0.4334575123   -2.6381229115
  -0.9778585429    1.3282741622   -2.8436481737
  -0.6266725937    2.6175400685    2.2233256273
  -1.1432952274    3.5123567184    2.2233256273
  -0.8668123748    4.3541988397    1.6380391988
  -2.2149907095    5.0494731166    0.7620961569
  -2.6931631285    5.1120148063   -0.2711491104
  -3.5691061703    4.5267283777   -0.2711491104
  -4.1543925989    3.6507853359   -0.2711491104
  -4.3599178611    2.6175400685   -0.2711491104
  -2.2149907095    5.0494731166   -1.3043943778
  -3.2151974211    4.5677989507   -1.3043943778
  -0.6266725937    2.6175400685   -2.7656238482
  -1.8150349912    0.2177607324    2.6002342926
  -0.7817897238    0.2177607324    2.3947090304
  -2.3316576249    1.1125773823    2.3947090304
  -2.8482802585    0.2177607324    2.3947090304
  -2.3316576249   -0.6770559175   -2.5942404452
  -1.8150349912    0.2177607324   -2.7997657074
  -3.0052275053    0.3433287624    2.3552959238
  -3.5519210166    1.2902297001    2.1057374709
  -4.0986145278    0.3433287624    2.1057374709
  -4.2954441661    1.8323181638    1.4064902245
  -4.8956352765    0.8984025665    1.4064902245
  -4.8956352765   -0.2117450417    1.4064902245
  -4.5370286845    2.2641466863    0.3960486774
  -5.2187443425    1.4093022895    0.3960486774
  -5.4620458440    0.3433287624    0.3960486774
  -5.2187443425   -0.7226447647    0.3960486774
  -4.5370286845    2.2641466863   -0.7254568298
  -5.2187443425    1.4093022895   -0.7254568298
  -5.4620458440    0.3433287624   -0.7254568298
  -5.2187443425   -0.7226447647   -0.7254568298
  -4.2954441661    1.8323181638   -1.7358983769
  -4.8956352765    0.8984025665   -1.7358983769
  -4.8956352765   -0.2117450417   -1.7358983769
  -3.5519210166    1.2902297001   -2.4351456233
  -4.0986145278    0.3433287624   -2.4351456233
  -3.5519210166   -0.6035721753   -2.4351456233
  -3.0052275053    0.3433287624   -2.6847040762
  -1.2353208264   -1.0200974208    2.7198961364
  -0.7186981927   -0.1252807709    2.5143708742
  -0.7186981927   -1.9149140707   -2.4745786014
  -1.2353208264   -1.0200974208   -2.6801038636
  -1.0717437015   -2.1898498319    2.5603205173
  -1.5883663352   -3.0846664818    2.5603205173
  -2.3766947943   -4.0796053570    1.9750340887
  -3.6602685289   -4.1401087142    1.0990910469
  -2.6600618172   -4.6217828800    1.0990910469
  -4.8049889689   -2.1898498319    0.0658457795
  -4.5994637066   -3.2230950993    0.0658457795
  -4.0141772781   -4.0990381411    0.0658457795
  -3.1382342362   -4.6843245697    0.0658457795
  -2.6600618172   -4.6217828800   -0.9673994879
  -1.3118834826   -3.9265086031   -1.8433425297
  -1.0717437015   -2.1898498319   -2.4286289583
   3.4495704165    0.9636842036    3.1280215397
   4.5295704165    0.9636842036    2.8386364119
   3.9895704165    1.8989916397    2.8386364119
   2.9095704165    1.8989916397    2.8386364119
   2.3695704165    0.9636842036    2.8386364119
   2.9095704165    0.0283767676    2.8386364119
   3.9895704165    0.0283767676    2.8386364119
   5.3201852887    0.9636842036    2.0480215397
   5.0232317863    1.9750149573    2.0480215397
   4.2266519179    2.6652553424    2.0480215397
   3.1833541635    2.8152589136    2.0480215397
   4.6765902694    2.7413293540    0.9680215397
   3.7099296458    3.1079353717    0.9680215397
   5.3586789057   -0.4090485263    2.0963993450
   4.8186789057   -1.3443559623    2.0963993450
   6.1492937779   -0.4090485263    1.3057844728
   5.0557604072   -2.1106196650    1.3057844728
   5.8523402755   -1.4203792799    1.3057844728
   6.4386789057   -0.4090485263    0.2257844728
   6.1912639211    0.5947535254    0.2257844728
   5.5056987586   -2.1866936766    0.2257844728
   6.1912639211   -1.4128505779    0.2257844728
   6.1492937779   -0.4090485263   -0.8542155272
   5.0557604072   -2.1106196650   -0.8542155272
   5.8523402755   -1.4203792799   -0.8542155272
   5.3586789057   -0.4090485263   -1.6448303994
   4.8186789057   -1.3443559623   -1.6448303994
   4.7559850150    2.6116031115   -0.7819724626
   3.7893243914    2.9782091292   -0.7819724626
   5.3995800343    0.8339579611   -1.8619724626
   5.1026265319    1.8452887148   -1.8619724626
   4.3060466635    2.5355290999   -1.8619724626
   3.2627489091    2.6855326711   -1.8619724626
   4.6089651621    0.8339579611   -2.6525873348
   4.0689651621    1.7692653972   -2.6525873348
   2.9889651621    1.7692653972   -2.6525873348
   2.4489651621    0.8339579611   -2.6525873348
   2.9889651621   -0.1013494749   -2.6525873348
   4.0689651621   -0.1013494749   -2.6525873348
   3.5289651621    0.8339579611   -2.9419724626
   4.0216341935   -2.4667275790    2.1895861906
   3.4816341935   -3.4020350151    2.1895861906
   4.8122490657   -2.4667275790    1.3989713184
   2.6754179405   -4.3183022890    1.3989713184
   3.7187156949   -4.1682987177    1.3989713184
   4.5152955633   -3.4780583327    1.3989713184
   5.1016341935   -2.4667275790    0.3189713184
   3.2019934228   -4.6109787471    0.3189713184
   4.1686540464   -4.2443727294    0.3189713184
   4.8542192089   -3.4705296306    0.3189713184
   4.8122490657   -2.4667275790   -0.7610286816
   2.6754179405   -4.3183022890   -0.7610286816
   3.7187156949   -4.1682987177   -0.7610286816
   4.5152955633   -3.4780583327   -0.7610286816
   4.0216341935   -2.4667275790   -1.5516435538
   3.4816341935   -3.4020350151   -1.5516435538
  -0.3683449630    4.3217604311    1.5762911533
  -0.1312634615    5.0880241337    0.7856762811
  -1.1745612160    5.2380277050    0.7856762811
   0.3186748900    5.1640981454   -0.2943237189
  -0.6479857336    5.5307041631   -0.2943237189
  -1.6742915190    5.4060880792   -0.2943237189
  -0.1312634615    5.0880241337   -1.3743237189
  -1.1745612160    5.2380277050   -1.3743237189
  -0.3683449630    4.3217604311   -2.1649385911
  -3.8606666601    4.0686078339   -1.1801176171
  -4.3411177697    3.1531847269   -1.1801176171
  -2.5100996971    4.4878376021   -2.2601176171
  -3.4688756722    4.0499792855   -2.2601176171
  -4.0387252703    3.1632760029   -2.2601176171
  -4.0387252703    2.1092497813   -2.2601176171
  -1.1638834441    2.6362628921   -3.0507324893
  -1.7038834441    3.5715703282   -3.0507324893
  -2.7838834441    3.5715703282   -3.0507324893
  -3.3238834441    2.6362628921   -3.0507324893
  -2.7838834441    1.7009554560   -3.0507324893
  -1.7038834441    1.7009554560   -3.0507324893
  -2.2438834441    2.6362628921   -3.3401176171
  -2.3236849786    2.7671268241    2.7283013711
  -1.2436849786    2.7671268241    2.4389162433
  -1.7836849786    3.7024342602    2.4389162433
  -2.8636849786    3.7024342602    2.4389162433
  -3.4036849786    2.7671268241    2.4389162433
  -2.8636849786    1.8318193880    2.4389162433
  -1.7836849786    1.8318193880    2.4389162433
  -2.5899012316    4.6187015341    1.6483013711
  -3.5486772067    4.1808432175    1.6483013711
  -4.1185268048    3.2941399349    1.6483013711
  -4.1185268048    2.2401137133    1.6483013711
  -3.0896315346    4.7867619083    0.5683013711
  -3.9404681946    4.1994717659    0.5683013711
  -4.4209193042    3.2840486590    0.5683013711
  -0.9411593918   -3.9974946644    2.0427945961
  -1.7473756448   -4.9137619383    1.2521797239
  -0.7040778903   -4.7637583670    1.2521797239
  -2.2471059478   -5.0818223125    0.1721797239
  -1.2208001624   -5.2064383964    0.1721797239
  -0.2541395389   -4.8398323786    0.1721797239
  -1.7473756448   -4.9137619383   -0.9078202761
  -0.7040778903   -4.7637583670   -0.9078202761
  -0.9411593918   -3.9974946644   -1.6984351482
  -4.7817329258   -1.7408490260   -0.8443063747
  -4.7817329258   -2.7746926957   -0.8443063747
  -4.3012818162   -3.6901158026   -0.8443063747
  -4.4793404264   -1.7307577500   -1.9243063747
  -4.4793404264   -2.7847839716   -1.9243063747
  -3.9094908283   -3.6714872542   -1.9243063747
  -2.9507148532   -4.1093455708   -1.9243063747
  -1.6044986002   -2.2577708608   -2.7149212469
  -2.1444986002   -1.3224634247   -2.7149212469
  -3.2244986002   -1.3224634247   -2.7149212469
  -3.7644986002   -2.2577708608   -2.7149212469
  -3.2244986002   -3.1930782969   -2.7149212469
  -2.1444986002   -3.1930782969   -2.7149212469
  -2.6844986002   -2.2577708608   -3.0043063747
  -2.7830153182   -2.1142410340    3.0642426036
  -1.7030153182   -2.1142410340    2.7748574758
  -2.2430153182   -1.1789335979    2.7748574758
  -3.3230153182   -1.1789335979    2.7748574758
  -3.8630153182   -2.1142410340    2.7748574758
  -3.3230153182   -3.0495484700    2.7748574758
  -2.2430153182   -3.0495484700    2.7748574758
  -4.0080075463   -0.7005246405    1.9842426036
  -4.5778571444   -1.5872279231    1.9842426036
  -4.5778571444   -2.6412541448    1.9842426036
  -4.0080075463   -3.5279574274    1.9842426036
  -3.0492315712   -3.9658157439    1.9842426036
  -4.8802496439   -1.5973191991    0.9042426036
  -4.8802496439   -2.6311628688    0.9042426036
  -4.3997985343   -3.5465859758    0.9042426036
   3.9575494160   -0.6155604762    2.9564556977
   5.3728820300    0.2730339220    2.4355111647
   4.2455900707   -1.4810666060    2.4355111647
   5.8179799225    1.3297667186    1.6373778353
   6.1994368439    1.3402947027    0.6583223683
   5.6278643346    2.2634160011    0.6583223683
   6.1994368439    1.3402947027   -0.3835666977
   5.6278643346    2.2634160011   -0.3835666977
   4.7614189667    2.9177251706   -0.3835666977
   3.7171189882    3.2148541322   -0.3835666977
   6.0425954123    0.2730339220   -1.3626221647
   5.8179799225    1.3297667186   -1.3626221647
   4.2455900707   -1.4810666060   -2.1607554941
   5.0667612435   -0.7695177343   -2.1607554941
   3.9575494160   -0.6155604762   -2.6817000271
   2.2171826862   -0.5019982735    3.1391040986
   1.7041524712    0.3865961246    2.9581819610
   2.7302129012   -1.3905926717   -2.6799737637
   2.2171826862   -0.5019982735   -2.8608959014
   2.0903493349   -1.8219931049    3.2318619686
   3.1164097649   -1.8219931049    3.0509398310
   1.5773191199   -0.9333987067    3.0509398310
   2.6033795499   -2.7105875031    3.0509398310
   4.0187121640   -1.8219931049    2.5299952980
   2.8914202046   -3.5760936329    2.5299952980
   2.8931990369   -4.2929104155   -1.2681380314
   4.0187121640   -1.8219931049   -2.0662713607
   2.8914202046   -3.5760936329   -2.0662713607
   3.7125913774   -2.8645447612   -2.0662713607
   3.1164097649   -1.8219931049   -2.5872158937
   2.6033795499   -2.7105875031   -2.5872158937
   2.0903493349   -1.8219931049   -2.7681380314
   0.8509953262   -2.2459347256    3.2066862550
  -0.1750651037   -2.2459347256    3.0257641174
   0.3379651112   -3.1345291238    3.0257641174
   1.3640255412   -3.1345291238    3.0257641174
  -0.4118137713   -3.7032941128    2.5048195844
   0.5765606821   -4.1546696015    2.5048195844
   1.6520661959   -4.0000352536    2.5048195844
   0.5794224124   -4.8297784036    1.7066862550
   1.6538450282   -4.7168520362    1.7066862550
   0.0424790232   -5.0875747769    0.7276307881
   1.1235951135   -5.1877549358    0.7276307881
   2.1678950920   -4.8906259742    0.7276307881
   0.0424790232   -5.0875747769   -0.3142582780
   1.1235951135   -5.1877549358   -0.3142582780
   2.1678950920   -4.8906259742   -0.3142582780
   0.5794224124   -4.8297784036   -1.2933137450
   1.6538450282   -4.7168520362   -1.2933137450
  -0.4118137713   -3.7032941128   -2.0914470743
   0.5765606821   -4.1546696015   -2.0914470743
   1.6520661959   -4.0000352536   -2.0914470743
   0.3379651112   -3.1345291238   -2.6123916073
   1.3640255412   -3.1345291238   -2.6123916073
   0.8509953262   -2.2459347256   -2.7933137450
   0.1286390386   -1.1164525924    3.0891004207
  -0.3843911764   -0.2278581943    2.9081782831
  -0.3843911764   -2.0050469906   -2.7299774416
   0.1286390386   -1.1164525924   -2.9108995793
   0.9245933110   -0.0184598376    3.0437506456
   1.4376235260    0.8701345605    2.8628285080
  -0.1014671190   -0.0184598376   -2.7753272167
   1.4376235260   -0.9070542358   -2.7753272167
   0.9245933110   -0.0184598376   -2.9562493544
   0.4157072574    1.3150088208    2.9215625507
   1.4417676873    1.3150088208    2.7406404131
   0.9287374724    2.2036032190    2.7406404131
  -0.0973229576    2.2036032190    2.7406404131
   1.4417676873    1.3150088208   -2.8975153116
  -0.0973229576    2.2036032190   -2.8975153116
  -0.0973229576    0.4264144226   -2.8975153116
   0.4157072574    1.3150088208   -3.0784374493
   1.0766676157    2.3178513158    2.6777718327
   2.1481812263    2.3178513158    2.4646345237
   1.6124244210    3.2458093231    2.4646345237
   0.5409108104    3.2458093231    2.4646345237
   2.7913104356    3.3078008095    1.8576708200
   2.0666171093    4.0324941358    1.8576708200
   1.0766676157    4.2977503032    1.8576708200
   0.0867181220    4.0324941358    1.8576708200
   3.4398842766    3.3700231629    0.9492854433
   2.8076166167    4.2402649389    0.9492854433
   1.8760521493    4.7781039349    0.9492854433
   0.8062668339    4.8905429024    0.9492854433
   3.6875898580    3.3293279812   -0.1222281673
   3.1458925839    4.2041991181   -0.1222281673
   2.3247350118    4.8243085316   -0.1222281673
   1.3350190222    5.1059070095   -0.1222281673
   3.4398842766    3.3700231629   -1.1937417779
   2.8076166167    4.2402649389   -1.1937417779
   1.8760521493    4.7781039349   -1.1937417779
   0.8062668339    4.8905429024   -1.1937417779
   2.7913104356    3.3078008095   -2.1021271546
   2.0666171093    4.0324941358   -2.1021271546
   1.0766676157    4.2977503032   -2.1021271546
   2.1481812263    2.3178513158   -2.7090908584
   1.6124244210    3.2458093231   -2.7090908584
   0.5409108104    3.2458093231   -2.7090908584
   1.0766676157    2.3178513158   -2.9222281673
  -0.9778585429    1.3282741622    2.8563518263
  -0.4648283279    2.2168685604    2.6754296887
  -0.4648283279    0.4396797640    2.6754296887
  -0.4648283279    0.4396797640   -2.9627260360
  -0.9778585429    1.3282741622   -3.1436481737
  -0.6338574311    2.6175400685    2.5479287519
  -1.1468876461    3.5061344667    2.5479287519
  -0.8588469914    4.3716405965    2.0269842189
  -1.9314907749    5.2013837466    1.2288508896
  -2.4684341641    5.4591801199    0.2497954226
  -3.4403556475    4.9752207259    0.2497954226
  -2.4684341641    5.4591801199   -0.7920936434
  -3.4403556475    4.9752207259   -0.7920936434
  -4.1718191421    4.1728434948   -0.7920936434
  -4.5640364498    3.1604139178   -0.7920936434
  -1.9314907749    5.2013837466   -1.7711491104
  -2.9589559668    4.8675400685   -1.7711491104
  -0.0376758186    3.6600917248   -2.5692824398
  -0.8588469914    4.3716405965   -2.5692824398
  -0.6338574311    2.6175400685   -3.0902269728
  -1.8150349912    0.2177607324    2.9002342926
  -0.7889745612    0.2177607324    2.7193121550
  -2.3280652061    1.1063551306    2.7193121550
  -2.8410954211    0.2177607324    2.7193121550
  -2.3280652061   -0.6708336657   -2.9188435697
  -1.8150349912    0.2177607324   -3.0997657074
  -3.5409843106    1.2712867697    2.4221586148
  -4.0767411159    0.3433287624    2.4221586148
  -4.7198703252    1.3332782561    1.8151949111
  -4.9851264926    0.3433287624    1.8151949111
  -4.7198703252   -0.6466207313    1.8151949111
  -5.0980433844    1.8638485019    0.9068095344
  -5.5355610399    0.8811677584    0.9068095344
  -5.5355610399   -0.1945102336    0.9068095344
  -5.0980433844   -1.1771909771    0.9068095344
  -4.6926044871    2.5777769988   -0.1647040762
  -5.3858354853    1.8173388185   -0.1647040762
  -5.7575521844    0.8578274123   -0.1647040762
  -5.7575521844   -0.1711698875   -0.1647040762
  -5.3858354853   -1.1306812937   -0.1647040762
  -5.0980433844    1.8638485019   -1.2362176868
  -5.5355610399    0.8811677584   -1.2362176868
  -5.5355610399   -0.1945102336   -1.2362176868
  -5.0980433844   -1.1771909771   -1.2362176868
  -4.7198703252    1.3332782561   -2.1446030635
  -4.9851264926    0.3433287624   -2.1446030635
  -4.7198703252   -0.6466207313   -2.1446030635
  -3.5409843106    1.2712867697   -2.7515667672
  -4.0767411159    0.3433287624   -2.7515667672
  -3.5409843106   -0.5846292449   -2.7515667672
  -3.0052275053    0.3433287624   -2.9647040762
  -1.2353208264   -1.0200974208    3.0198961364
  -0.7222906114   -0.1315030226    2.8389739987
  -0.7222906114   -1.9086918190   -2.7991817260
  -1.2353208264   -1.0200974208   -2.9801038636
  -1.0789285389   -2.1898498319    2.8849236419
  -1.5919587539   -3.0784442301    2.8849236419
  -2.3794236130   -4.0985847079    2.3639791089
  -3.4040270745   -4.4398498319    1.5658457795
  -4.6168902499   -3.7451532582    0.5867903125
  -3.8854267553   -4.5475304893    0.5867903125
  -2.9135052719   -5.0314898833    0.5867903125
  -5.0091075576   -1.6469759827   -0.4550987535
  -5.0091075576   -2.7327236812   -0.4550987535
  -4.6168902499   -3.7451532582   -0.4550987535
  -3.8854267553   -4.5475304893   -0.4550987535
  -2.9135052719   -5.0314898833   -0.4550987535
  -2.3765618827   -4.7736935100   -1.4341542205
  -1.3039180992   -3.9439503599   -2.2322875498
  -1.0789285389   -2.1898498319   -2.7532320828
   3.4495704165    0.9636842036    3.3680215397
   4.4908913904    0.9636842036    3.1303468227
   3.9702309034    1.8654946205    3.1303468227
   2.9289099296    1.8654946205    3.1303468227
   2.4082494426    0.9636842036    3.1303468227
   2.9289099296    0.0618737868    3.1303468227
   3.9702309034    0.0618737868    3.1303468227
   5.3259659744    0.9636842036    2.4643970642
   5.0280948086    1.9781402320    2.4643970642
   4.2290533016    2.6705136391    2.4643970642
   3.1825314861    2.8209807603    2.4643970642
   2.2207926443    2.3817693479    2.4643970642
   5.5576816901    1.9788970866    1.5020717812
   4.9084286824    2.7930346074    1.5020717812
   3.9702309034    3.2448468451    1.5020717812
   3.9702309034    3.2448468451    0.4339712982
   5.3199998796   -0.4090485263    2.3881097558
   4.7993393926   -1.3108589431    2.3881097558
   6.1550744636   -0.4090485263    1.7221599972
   5.0581617908   -2.1158779617    1.7221599972
   5.8572032978   -1.4235045546    1.7221599972
   6.6185058949   -0.4090485263    0.7598347143
   6.3867901793    0.6061643567    0.7598347143
   5.7375371716   -2.2383989300    0.7598347143
   6.3867901793   -1.4242614092    0.7598347143
   6.6185058949   -0.4090485263   -0.3082657687
   5.7375371716   -2.2383989300   -0.3082657687
   6.3867901793   -1.4242614092   -0.3082657687
   6.1550744636   -0.4090485263   -1.2705910517
   5.0581617908   -2.1158779617   -1.2705910517
   5.8572032978   -1.4235045546   -1.2705910517
   5.6370764357    1.8491708441   -1.3160227041
   4.9878234280    2.6633083649   -1.3160227041
   4.0496256490    3.1151206026   -1.3160227041
   5.4053607200    0.8339579611   -2.2783479871
   5.1074895542    1.8484139895   -2.2783479871
   4.3084480472    2.5407873966   -2.2783479871
   3.2619262317    2.6912545178   -2.2783479871
   4.5702861360    0.8339579611   -2.9442977456
   4.0496256490    1.7357683780   -2.9442977456
   3.0083046751    1.7357683780   -2.9442977456
   2.4876441882    0.8339579611   -2.9442977456
   3.0083046751   -0.0678524557   -2.9442977456
   4.0496256490   -0.0678524557   -2.9442977456
   3.5289651621    0.8339579611   -3.1819724626
   3.9829551674   -2.4667275790    2.4812966013
   3.4622946804   -3.3685379959    2.4812966013
   4.8180297514   -2.4667275790    1.8153468428
   2.6745952631   -4.3240241357    1.8153468428
   3.7211170786   -4.1735570145    1.8153468428
   4.5201585856   -3.4811836073    1.8153468428
   2.4209737065   -4.7478902205    0.8530215599
   3.4622946804   -4.7478902205    0.8530215599
   4.4004924594   -4.2960779827    0.8530215599
   5.0497454671   -3.4819404620    0.8530215599
   3.4622946804   -4.7478902205   -0.2150789231
   4.4004924594   -4.2960779827   -0.2150789231
   5.0497454671   -3.4819404620   -0.2150789231
   4.8180297514   -2.4667275790   -1.1774042061
   3.7211170786   -4.1735570145   -1.1774042061
   4.5201585856   -3.4811836073   -1.1774042061
  -0.1288620779    5.0932824305    1.2020518056
  -1.1753838933    5.2437495517    1.2020518056
   0.5505133029    5.2158033987    0.2397265226
  -0.3876844760    5.6676156365    0.2397265226
  -1.4290054499    5.6676156365    0.2397265226
   0.5505133029    5.2158033987   -0.8283739604
  -0.3876844760    5.6676156365   -0.8283739604
  -1.4290054499    5.6676156365   -0.8283739604
  -0.1288620779    5.0932824305   -1.7906992434
  -1.1753838933    5.2437495517   -1.7906992434
  -0.3876844760    4.2882634119   -2.4566490019
  -3.7027417100    4.4656132958   -1.7141678586
  -4.3519947177    3.6514757750   -1.7141678586
  -4.5837104333    2.6362628921   -1.7141678586
  -2.5109223744    4.4935594488   -2.6764931415
  -3.4726612163    4.0543480363   -2.6764931415
  -4.0442717976    3.1649046103   -2.6764931415
  -4.0442717976    2.1076211739   -2.6764931415
  -1.2025624702    2.6362628921   -3.3424429001
  -1.7232229571    3.5380733089   -3.3424429001
  -2.7645439310    3.5380733089   -3.3424429001
  -3.2852044180    2.6362628921   -3.3424429001
  -2.7645439310    1.7344524752   -3.3424429001
  -1.7232229571    1.7344524752   -3.3424429001
  -2.2438834441    2.6362628921   -3.5801176171
  -2.3236849786    2.7671268241    2.9683013711
  -1.2823640047    2.7671268241    2.7306266541
  -1.8030244916    3.6689372410    2.7306266541
  -2.8443454655    3.6689372410    2.7306266541
  -3.3650059525    2.7671268241    2.7306266541
  -2.8443454655    1.8653164072    2.7306266541
  -1.8030244916    1.8653164072    2.7306266541
  -2.5907239089    4.6244233808    2.0646768956
  -3.5524627508    4.1852119683    2.0646768956
  -4.1240733321    3.2957685423    2.0646768956
  -4.1240733321    2.2384851059    2.0646768956
  -2.8443454655    5.0482894656    1.1023516126
  -3.7825432445    4.5964772278    1.1023516126
  -4.4317962522    3.7823397071    1.1023516126
  -4.6635119678    2.7671268241    1.1023516126
  -4.4317962522    3.7823397071    0.0342511296
  -4.6635119678    2.7671268241    0.0342511296
  -0.9604989048   -3.9639976452    2.3345050069
  -1.7481983222   -4.9194837850    1.6685552484
  -0.7016765067   -4.7690166637    1.6685552484
  -2.0018198787   -5.3433498698    0.7062299654
  -0.9604989048   -5.3433498698    0.7062299654
  -2.0018198787   -5.3433498698   -0.3618705176
  -0.9604989048   -5.3433498698   -0.3618705176
  -1.7481983222   -4.9194837850   -1.3241958005
  -0.7016765067   -4.7690166637   -1.3241958005
  -5.0243255894   -2.2577708608   -1.3783566162
  -4.7926098738   -3.2729837438   -1.3783566162
  -4.1433568661   -4.0871212645   -1.3783566162
  -4.4848869537   -1.7291291426   -2.3406818992
  -4.4848869537   -2.7864125790   -2.3406818992
  -3.9132763724   -3.6758560050   -2.3406818992
  -2.9515375305   -4.1150674175   -2.3406818992
  -1.6431776263   -2.2577708608   -3.0066316577
  -2.1638381132   -1.3559604439   -3.0066316577
  -3.2051590871   -1.3559604439   -3.0066316577
  -3.7258195741   -2.2577708608   -3.0066316577
  -3.2051590871   -3.1595812777   -3.0066316577
  -2.1638381132   -3.1595812777   -3.0066316577
  -2.6844986002   -2.2577708608   -3.2443063747
  -2.7830153182   -2.1142410340    3.3042426036
  -1.7416943443   -2.1142410340    3.0665678866
  -2.2623548313   -1.2124306171    3.0665678866
  -3.3036758052   -1.2124306171    3.0665678866
  -3.8243362921   -2.1142410340    3.0665678866
  -3.3036758052   -3.0160514508    3.0665678866
  -2.2623548313   -3.0160514508    3.0665678866
  -4.0117930905   -0.6961558897    2.4006181281
  -4.5834036718   -1.5855993158    2.4006181281
  -4.5834036718   -2.6428827521    2.4006181281
  -4.0117930905   -3.5323261782    2.4006181281
  -3.0500542486   -3.9715375906    2.4006181281
  -4.8911265918   -1.0990281510    1.4382928451
  -5.1228423075   -2.1142410340    1.4382928451
  -4.8911265918   -3.1294539169    1.4382928451
  -4.2418735841   -3.9435914377    1.4382928451
  -5.1228423075   -2.1142410340    0.3701923621
